2 2 2 2 2 2 2 2 2 2 2 2 2 2 2 0 0 0 0 0 0 0 0 0 0 1 1 0 0 1 0 1 
 2 2 2 2 2 2 2 2 2 2 2 2 2 2 0 0 0 0 0 0 0 0 0 0 1 0 0 0 0 0 0 0 
  2 2 2 2 2 2 2 2 2 2 2 2 2 0 0 0 0 0 0 0 0 0 0 0 0 1 1 0 0 1 0 0 
   2 2 2 2 2 2 2 2 2 2 2 2 1 0 0 0 0 0 0 0 0 0 0 0 0 0 0 0 0 0 0 0 
    2 2 2 2 2 2 2 2 2 2 2 0 0 0 0 0 0 0 0 0 0 0 0 0 0 1 0 0 0 0 0 0 
     2 2 2 2 2 2 2 2 2 2 0 0 0 0 0 0 0 0 0 0 0 0 0 0 1 0 0 0 0 0 0 0 
      2 2 2 2 2 2 2 2 2 0 0 0 0 0 1 0 0 0 0 0 0 0 1 0 0 0 0 0 0 0 0 0 
       2 2 2 2 2 2 2 2 0 0 0 0 1 0 0 0 0 0 0 0 0 1 0 0 1 0 0 0 0 0 1 0 
        2 2 2 2 2 2 2 0 0 0 0 0 0 0 0 0 0 0 0 0 0 0 0 0 0 0 0 0 0 0 1 0 
         2 2 2 2 2 2 0 0 0 1 0 0 0 1 0 0 0 0 0 1 0 0 0 0 0 0 0 0 0 0 0 0 
          2 2 2 2 2 1 0 0 0 0 0 0 0 0 0 0 0 0 1 0 0 0 0 0 0 0 0 0 0 0 0 0 
           2 2 2 2 1 1 0 0 0 1 0 0 0 0 0 0 0 0 0 0 0 0 0 0 0 1 0 0 0 0 0 0 
            2 2 2 0 0 0 0 0 0 0 0 0 0 0 0 0 0 0 0 0 0 0 0 0 0 0 0 1 0 0 0 0 
             2 2 0 0 0 0 0 0 0 0 0 0 0 0 0 0 0 0 0 0 0 0 0 0 0 0 0 0 0 0 0 1 
              2 0 0 1 0 0 0 0 0 1 0 0 0 0 0 0 0 0 0 0 0 0 0 0 0 1 0 0 0 0 0 0 
               0 0 0 0 0 0 0 0 0 0 0 0 0 0 0 0 0 0 0 0 0 0 0 0 1 0 0 0 0 0 0 0 
                0 0 0 1 0 0 0 0 0 0 0 1 0 0 0 0 0 0 1 0 0 0 0 0 0 0 0 0 0 0 0 2 
                 0 0 0 0 0 0 0 0 0 0 0 0 0 0 0 0 1 0 0 0 0 0 0 0 0 1 1 0 0 0 2 2 
                  0 0 0 0 0 0 0 0 0 0 0 0 0 0 0 0 0 0 0 0 0 0 0 0 0 0 1 0 1 2 2 2 
                   0 0 1 0 0 0 0 0 0 0 0 0 0 0 0 0 0 0 0 0 0 0 0 0 0 0 0 0 2 2 2 2 
                    0 0 0 0 0 0 0 0 0 0 0 0 0 0 0 0 0 0 0 1 0 0 0 0 0 0 0 2 2 2 2 2 
                     0 0 0 0 1 0 0 0 0 0 0 0 0 0 0 0 0 0 0 0 0 0 0 0 0 0 2 2 2 2 2 2 
                      0 0 1 0 0 0 0 0 0 0 0 0 0 0 0 0 0 0 0 0 0 0 0 1 0 2 2 2 2 2 2 2 
                       0 0 0 0 0 0 0 0 0 0 0 0 0 0 0 0 0 1 0 0 0 0 0 0 2 2 2 2 2 2 2 2 
                        0 0 0 0 0 0 0 1 0 0 0 0 0 0 0 0 0 0 0 0 0 0 0 2 2 2 2 2 2 2 2 2 
                         0 0 0 0 1 0 1 0 0 0 0 1 0 0 0 0 0 0 0 0 0 0 2 2 2 2 2 2 2 2 2 2 
                          0 0 0 1 0 0 0 0 0 0 0 0 0 0 0 1 0 0 0 0 1 2 2 2 2 2 2 2 2 2 2 2 
                           0 0 0 0 0 1 0 0 0 0 0 0 0 0 0 0 0 0 0 0 2 2 2 2 2 2 2 2 2 2 2 2 
                            0 1 0 0 0 0 0 0 0 0 0 0 0 0 0 0 0 0 0 2 2 2 2 2 2 2 2 2 2 2 2 2 
                             0 1 1 0 0 0 1 0 0 0 0 0 0 0 0 0 0 0 2 2 2 2 2 2 2 2 2 2 2 2 2 2 
                              0 0 0 0 0 0 0 0 1 0 0 0 0 0 0 0 0 2 2 2 2 2 2 2 2 2 2 2 2 2 2 2 
                               1 0 0 0 1 0 0 0 0 0 1 1 0 0 0 0 2 2 2 2 2 2 2 2 2 2 2 2 2 2 2 2 
(7,15) (2,25) (3,30) (4,13) (5,26) (26,5) (7,23) (8,31) (15,26) (10,20) (11,19) (27,16) (13,28) (12,10) (15,4) (8,22) (19,27) (18,26) (19,29) (20,3) (21,20) (22,5) (23,24) (24,18) (3,26) (16,25) (27,21) (28,6) (29,2) (30,2) (31,9) (32,5) (32,1) (26,7) (25,8) (10,10) (32,11) (17,12) (1,30) (18,17) (30,3) (3,27) (14,32) (12,6) (8,13) (10,14) (15,10) (17,19) (12,26) (9,31) (18,27) (30,7) (1,27) (23,3) (12,5) (26,12) (6,25) (17,4) (11,6) (1,26) (32,12) (27,4) (1,32) (8,25) 

2 2 2 2 2 2 2 2 2 2 2 2 2 2 2 0 0 0 0 0 0 0 0 0 0 0 0 1 0 0 0 0 
 2 2 2 2 2 2 2 2 2 2 2 2 2 2 0 0 0 0 1 0 0 0 0 0 0 1 1 1 0 0 0 0 
  2 2 2 2 2 2 2 2 2 2 2 2 2 0 0 0 1 0 0 0 0 0 0 0 0 0 0 0 0 0 0 1 
   2 2 2 2 2 2 2 2 2 2 2 2 0 0 1 0 0 1 0 0 0 0 0 0 1 0 0 0 0 1 0 0 
    2 2 2 2 2 2 2 2 2 2 2 0 0 0 0 1 0 0 0 0 0 0 0 0 0 0 0 0 0 0 0 0 
     2 2 2 2 2 2 2 2 2 2 0 0 0 0 0 0 0 1 0 1 0 0 0 0 0 0 0 0 0 0 0 0 
      2 2 2 2 2 2 2 2 2 0 0 1 0 0 0 0 0 0 0 0 0 0 0 0 0 0 0 0 0 0 0 0 
       2 2 2 2 2 2 2 2 0 0 0 0 0 0 0 0 0 0 0 0 0 0 0 0 0 0 0 0 0 1 0 0 
        2 2 2 2 2 2 2 1 1 1 0 0 0 0 0 0 0 0 0 0 0 0 0 0 0 0 0 0 0 0 0 0 
         2 2 2 2 2 2 1 0 0 0 0 0 0 1 0 0 0 0 0 0 0 0 0 0 0 0 0 0 0 0 0 0 
          2 2 2 2 2 0 0 0 0 0 0 0 0 0 0 0 0 0 0 0 1 0 0 0 0 0 0 0 0 0 0 0 
           2 2 2 2 0 0 0 0 0 0 0 0 0 0 0 0 0 0 0 0 0 0 0 0 1 0 0 0 1 0 1 0 
            2 2 2 0 0 1 0 0 0 0 0 0 0 0 1 0 0 0 0 0 0 0 0 0 0 0 0 0 0 0 0 1 
             2 2 0 0 0 0 0 0 0 0 0 0 0 0 0 0 0 0 0 0 0 0 0 0 0 0 0 0 1 0 0 0 
              2 0 0 0 0 0 0 1 0 1 0 0 0 0 0 0 0 1 0 0 0 0 0 0 1 0 1 0 0 1 0 0 
               1 0 0 0 0 0 0 0 0 0 0 0 0 0 0 0 0 0 0 0 0 0 0 0 0 0 0 0 0 0 0 0 
                0 0 0 0 0 0 0 0 0 0 0 0 0 0 0 0 0 0 0 0 0 0 0 0 0 0 1 0 0 0 0 2 
                 0 0 0 0 0 0 0 0 0 0 0 1 0 0 0 0 0 0 0 0 1 0 0 0 0 0 0 0 0 0 2 2 
                  0 0 0 0 0 0 0 0 0 0 0 0 0 0 0 0 0 0 0 0 0 1 0 0 0 0 0 0 0 2 2 2 
                   0 0 0 0 0 0 0 0 0 0 0 0 0 0 0 0 0 0 0 0 1 0 0 0 0 0 0 1 2 2 2 2 
                    0 0 0 0 0 0 0 0 0 1 0 1 0 1 0 0 0 0 0 0 0 0 1 0 0 0 0 2 2 2 2 2 
                     0 0 0 0 0 0 0 0 0 0 0 0 0 0 0 0 0 0 0 0 0 0 0 1 0 0 2 2 2 2 2 2 
                      0 0 0 1 0 0 0 0 0 0 0 0 0 0 0 0 0 0 0 0 0 0 0 0 0 2 2 2 2 2 2 2 
                       0 0 0 0 0 0 0 0 0 0 0 0 0 0 0 0 1 0 0 0 0 0 0 0 2 2 2 2 2 2 2 2 
                        0 0 0 0 0 0 0 0 0 0 0 0 0 0 0 0 1 0 0 0 0 0 0 2 2 2 2 2 2 2 2 2 
                         0 0 0 0 0 0 1 0 0 0 0 0 0 0 0 1 0 0 0 0 0 0 2 2 2 2 2 2 2 2 2 2 
                          0 0 1 0 0 0 0 0 0 0 0 0 0 0 0 1 0 0 0 0 0 2 2 2 2 2 2 2 2 2 2 2 
                           0 1 0 0 0 0 1 0 0 0 0 0 0 0 0 0 1 0 0 0 2 2 2 2 2 2 2 2 2 2 2 2 
                            0 1 0 0 0 0 0 0 0 0 0 0 1 0 0 0 0 0 0 2 2 2 2 2 2 2 2 2 2 2 2 2 
                             0 0 0 0 0 0 0 0 0 0 0 0 0 0 0 1 0 0 2 2 2 2 2 2 2 2 2 2 2 2 2 2 
                              0 0 0 0 1 0 0 0 0 0 1 0 0 1 0 0 0 2 2 2 2 2 2 2 2 2 2 2 2 2 2 2 
                               0 0 0 0 0 0 0 0 0 0 0 0 0 0 1 0 2 2 2 2 2 2 2 2 2 2 2 2 2 2 2 2 
(1,28) (2,19) (3,32) (4,15) (5,16) (6,18) (7,12) (22,24) (9,8) (10,7) (11,21) (12,31) (13,15) (2,28) (30,16) (2,27) (17,27) (18,21) (19,22) (20,28) (21,23) (15,18) (4,18) (18,12) (25,17) (26,7) (27,16) (28,7) (24,17) (12,29) (31,11) (32,15) (16,1) (21,12) (28,2) (31,5) (13,6) (9,9) (15,10) (29,13) (2,26) (14,29) (4,30) (3,17) (15,8) (10,14) (23,4) (27,3) (21,10) (12,25) (13,32) (15,30) (29,2) (6,20) (15,25) (26,16) (31,14) (15,27) (9,10) (8,30) (28,17) (21,14) (20,21) (4,25) 

2 2 2 2 2 2 2 2 2 2 2 2 2 2 2 0 0 0 0 1 0 0 0 0 1 1 0 1 0 0 0 0 
 2 2 2 2 2 2 2 2 2 2 2 2 2 2 0 0 0 0 0 0 0 0 0 0 0 0 0 1 0 0 0 0 
  2 2 2 2 2 2 2 2 2 2 2 2 2 0 0 0 0 0 0 0 0 0 0 0 0 0 0 0 0 1 0 0 
   2 2 2 2 2 2 2 2 2 2 2 2 1 0 0 0 0 0 0 0 0 0 0 0 0 0 0 0 0 0 0 0 
    2 2 2 2 2 2 2 2 2 2 2 0 0 0 0 0 0 0 0 0 0 0 0 0 0 1 0 1 0 0 0 0 
     2 2 2 2 2 2 2 2 2 2 0 0 0 0 0 0 0 0 0 0 0 1 1 0 0 0 0 0 0 0 0 0 
      2 2 2 2 2 2 2 2 2 0 0 0 1 0 0 0 0 0 0 0 0 0 0 0 0 0 0 0 0 0 0 0 
       2 2 2 2 2 2 2 2 0 0 0 0 1 0 0 0 0 0 0 0 0 0 0 0 0 0 0 0 0 0 1 0 
        2 2 2 2 2 2 2 0 0 0 0 0 0 0 0 0 0 0 0 0 0 0 0 0 0 0 0 1 0 0 0 0 
         2 2 2 2 2 2 0 0 0 0 0 0 0 1 0 0 1 0 0 0 0 0 1 0 0 0 0 0 0 0 0 0 
          2 2 2 2 2 1 0 0 0 0 0 0 0 0 0 0 0 0 1 0 0 0 0 0 0 0 0 0 0 0 0 0 
           2 2 2 2 1 1 0 0 0 0 0 0 0 0 0 1 1 0 0 0 0 0 0 0 0 1 0 0 0 0 0 0 
            2 2 2 0 0 0 0 0 0 0 0 0 0 0 0 0 0 0 0 1 0 0 0 0 0 0 0 0 0 0 0 0 
             2 2 0 0 0 0 0 0 0 0 0 0 0 0 0 0 0 0 0 1 0 0 0 0 0 0 1 0 0 0 0 1 
              2 0 0 1 0 1 0 0 0 1 0 0 0 0 0 0 0 0 0 0 0 0 0 0 0 0 0 0 0 0 0 0 
               0 0 0 0 0 0 0 0 0 0 0 0 0 0 0 0 0 0 0 0 1 0 0 0 0 0 0 0 0 0 0 0 
                0 0 0 0 1 0 0 0 0 0 0 1 0 0 0 0 0 0 1 0 0 0 0 0 0 0 0 0 0 0 0 2 
                 0 0 0 0 0 0 0 0 0 0 0 0 0 0 0 0 1 0 0 0 0 0 0 0 0 1 1 0 0 0 2 2 
                  0 0 0 0 0 0 0 0 0 0 0 0 0 0 0 0 0 0 0 0 0 0 0 0 0 0 0 0 1 2 2 2 
                   0 0 1 0 0 0 0 0 0 0 0 0 0 0 0 0 0 0 0 0 0 0 0 0 0 0 0 0 2 2 2 2 
                    0 0 0 0 1 0 0 0 0 0 0 0 0 0 1 0 0 0 1 0 1 0 0 0 0 1 0 2 2 2 2 2 
                     0 0 0 0 1 0 0 0 0 0 0 0 0 0 0 0 0 0 0 0 0 0 0 0 0 0 2 2 2 2 2 2 
                      0 0 0 0 0 0 0 0 0 0 0 0 1 0 0 0 0 0 0 0 0 0 0 1 0 2 2 2 2 2 2 2 
                       0 0 0 0 0 0 0 0 0 0 0 0 0 0 0 0 0 1 0 0 0 0 0 0 2 2 2 2 2 2 2 2 
                        0 0 0 0 0 0 0 1 1 0 0 0 0 0 0 0 0 0 0 0 0 0 0 2 2 2 2 2 2 2 2 2 
                         0 0 0 0 0 0 1 0 0 0 0 0 0 0 0 0 0 0 0 0 0 0 2 2 2 2 2 2 2 2 2 2 
                          0 0 0 1 0 0 0 0 0 1 0 1 0 0 0 0 0 0 0 0 0 2 2 2 2 2 2 2 2 2 2 2 
                           0 0 0 0 0 1 0 0 0 0 0 0 0 0 0 0 0 0 0 0 2 2 2 2 2 2 2 2 2 2 2 2 
                            0 1 0 0 0 0 0 0 0 0 0 0 0 0 0 0 0 0 0 2 2 2 2 2 2 2 2 2 2 2 2 2 
                             0 1 0 0 0 0 0 0 0 0 0 0 0 0 0 0 0 0 2 2 2 2 2 2 2 2 2 2 2 2 2 2 
                              0 0 1 0 0 0 0 0 0 0 0 0 0 0 0 0 0 2 2 2 2 2 2 2 2 2 2 2 2 2 2 2 
                               1 0 0 0 1 0 0 0 0 0 1 1 0 0 0 0 2 2 2 2 2 2 2 2 2 2 2 2 2 2 2 2 
(1,25) (10,23) (3,30) (4,13) (5,26) (2,28) (14,20) (8,31) (9,28) (6,23) (11,19) (12,16) (1,28) (14,27) (15,4) (16,21) (17,5) (18,26) (19,29) (20,3) (5,28) (22,5) (23,24) (24,18) (25,9) (27,12) (21,26) (28,6) (29,2) (30,2) (31,3) (32,5) (32,1) (26,7) (25,8) (27,10) (32,11) (17,12) (10,17) (18,17) (6,22) (13,20) (14,32) (12,6) (8,13) (10,14) (15,10) (17,19) (12,26) (21,21) (18,27) (7,13) (21,15) (21,5) (12,5) (15,6) (23,13) (1,20) (11,6) (1,26) (32,12) (27,4) (12,17) (21,19) 

2 2 2 2 2 2 2 2 2 2 2 2 2 2 2 0 0 0 0 1 0 0 0 1 0 1 0 0 1 0 0 0 
 2 2 2 2 2 2 2 2 2 2 2 2 2 2 0 0 0 0 0 0 0 0 0 0 1 0 0 0 0 0 0 0 
  2 2 2 2 2 2 2 2 2 2 2 2 2 0 0 0 0 0 0 0 0 0 0 1 0 0 0 0 0 0 0 0 
   2 2 2 2 2 2 2 2 2 2 2 2 1 0 0 0 0 0 0 0 0 0 0 0 0 0 0 0 0 0 0 0 
    2 2 2 2 2 2 2 2 2 2 2 0 0 0 0 0 0 0 0 0 0 0 0 0 0 1 0 0 0 0 0 0 
     2 2 2 2 2 2 2 2 2 2 0 0 0 0 0 0 0 0 0 0 0 1 0 0 1 0 0 0 0 1 0 0 
      2 2 2 2 2 2 2 2 2 0 0 0 1 0 0 0 0 0 0 0 0 0 1 0 0 0 0 0 0 0 0 0 
       2 2 2 2 2 2 2 2 0 0 0 0 1 0 0 0 0 0 1 0 0 0 0 0 0 0 0 0 0 0 1 0 
        2 2 2 2 2 2 2 0 0 0 0 0 0 0 0 0 0 0 0 0 0 0 0 0 0 0 0 1 0 0 0 0 
         2 2 2 2 2 2 0 0 0 0 0 0 0 1 0 0 0 0 0 0 1 0 0 0 0 0 0 0 0 1 0 0 
          2 2 2 2 2 1 0 0 0 1 0 0 0 0 0 0 0 0 1 0 0 0 0 0 0 0 0 0 0 0 0 0 
           2 2 2 2 1 1 0 0 0 0 0 0 0 0 0 1 0 0 1 0 0 0 0 0 0 1 0 0 0 0 0 0 
            2 2 2 0 0 0 0 0 0 0 0 0 0 0 0 0 0 0 0 0 0 0 0 0 0 1 0 0 0 0 0 0 
             2 2 0 0 0 0 0 0 0 0 0 0 0 0 0 0 0 0 1 1 0 0 0 0 0 0 1 0 0 1 0 1 
              2 0 0 1 1 0 0 0 0 0 0 0 0 1 0 0 0 0 0 0 0 0 0 0 0 1 0 0 0 0 0 0 
               0 0 0 0 0 0 0 0 0 0 0 0 0 0 0 0 0 0 0 0 1 0 0 0 0 1 0 0 0 0 0 0 
                0 0 0 0 1 0 0 0 0 0 0 0 0 0 0 0 0 0 0 0 0 0 0 0 0 0 0 0 0 0 0 2 
                 0 0 0 0 0 0 0 0 0 0 0 0 0 0 0 0 1 0 0 0 0 0 0 0 0 0 0 0 0 0 2 2 
                  0 0 0 0 0 0 0 0 0 0 0 0 0 0 0 0 0 0 0 0 0 0 0 0 0 0 0 0 1 2 2 2 
                   0 0 1 0 0 0 0 0 0 0 0 0 0 0 0 0 0 0 0 0 0 0 0 0 0 0 0 0 2 2 2 2 
                    0 0 0 0 1 0 0 0 0 0 0 0 0 0 0 0 0 0 0 1 0 0 0 0 0 0 0 2 2 2 2 2 
                     0 0 0 0 0 1 0 0 1 0 0 0 0 0 0 0 0 0 0 0 0 0 0 0 0 0 2 2 2 2 2 2 
                      0 0 0 0 0 0 0 0 0 0 0 0 0 0 0 0 0 0 0 0 0 0 0 1 0 2 2 2 2 2 2 2 
                       0 0 0 0 0 0 0 0 0 0 0 0 0 0 0 0 0 1 0 0 0 0 0 0 2 2 2 2 2 2 2 2 
                        0 0 0 0 0 0 0 1 0 0 0 0 0 0 0 0 0 0 0 0 0 0 0 2 2 2 2 2 2 2 2 2 
                         0 0 0 0 0 0 1 0 0 0 0 0 0 0 1 0 0 0 0 0 0 0 2 2 2 2 2 2 2 2 2 2 
                          0 0 0 0 0 0 0 0 0 0 0 0 0 0 0 0 0 0 0 0 1 2 2 2 2 2 2 2 2 2 2 2 
                           0 0 0 0 0 1 0 0 0 0 0 0 0 0 0 0 0 0 0 0 2 2 2 2 2 2 2 2 2 2 2 2 
                            0 1 0 0 0 0 0 0 0 0 0 0 0 0 0 0 0 0 0 2 2 2 2 2 2 2 2 2 2 2 2 2 
                             0 1 0 0 0 0 0 0 0 0 0 0 0 0 1 0 0 0 2 2 2 2 2 2 2 2 2 2 2 2 2 2 
                              0 0 1 0 0 0 0 0 1 0 0 0 0 0 0 0 0 2 2 2 2 2 2 2 2 2 2 2 2 2 2 2 
                               1 0 0 0 1 0 0 0 0 0 1 1 0 0 0 0 2 2 2 2 2 2 2 2 2 2 2 2 2 2 2 2 
(22,6) (2,25) (6,30) (4,13) (5,26) (1,29) (7,23) (8,31) (9,28) (3,24) (11,19) (12,16) (13,26) (16,26) (15,4) (16,21) (17,5) (8,19) (19,29) (20,3) (21,20) (15,26) (23,24) (24,18) (11,10) (26,15) (27,21) (28,6) (29,2) (30,2) (31,3) (32,5) (32,1) (26,7) (25,8) (1,24) (32,11) (30,15) (15,14) (18,17) (6,22) (12,19) (14,32) (12,6) (8,13) (10,14) (15,5) (14,27) (12,26) (14,19) (14,20) (7,13) (31,9) (21,5) (12,5) (10,21) (6,25) (1,20) (11,6) (1,26) (32,12) (14,30) (22,9) (10,30) 

2 2 2 2 2 2 2 2 2 2 2 2 2 2 2 0 0 0 0 0 0 0 0 0 0 0 0 1 0 0 0 0 
 2 2 2 2 2 2 2 2 2 2 2 2 2 2 1 0 0 0 1 0 0 0 0 1 0 1 0 0 0 0 0 0 
  2 2 2 2 2 2 2 2 2 2 2 2 2 0 0 0 1 0 0 0 1 0 0 0 0 0 0 0 0 0 0 1 
   2 2 2 2 2 2 2 2 2 2 2 2 0 0 1 0 0 0 0 0 0 0 0 0 1 0 0 1 0 0 0 0 
    2 2 2 2 2 2 2 2 2 2 2 0 0 0 0 1 0 0 0 0 0 0 0 0 0 0 0 0 0 0 0 0 
     2 2 2 2 2 2 2 2 2 2 0 0 0 0 0 0 0 1 0 0 0 0 0 0 0 0 0 0 0 0 0 0 
      2 2 2 2 2 2 2 2 2 0 0 1 0 0 0 0 0 0 0 0 0 0 0 0 0 0 0 0 0 0 0 0 
       2 2 2 2 2 2 2 2 0 0 0 0 0 1 0 0 0 0 0 0 0 0 0 0 0 0 0 0 0 0 0 0 
        2 2 2 2 2 2 2 1 1 1 0 0 0 0 0 0 0 0 0 0 0 0 0 0 0 0 0 0 0 0 0 0 
         2 2 2 2 2 2 1 0 0 0 0 0 0 0 0 0 0 0 0 0 0 0 0 0 0 0 0 0 0 0 0 0 
          2 2 2 2 2 0 0 0 0 0 0 0 0 0 0 0 0 0 0 0 1 0 0 0 0 0 0 0 0 0 0 0 
           2 2 2 2 0 0 0 0 0 0 0 0 0 0 0 0 0 0 0 0 0 0 0 0 0 0 0 0 0 1 1 0 
            2 2 2 0 0 1 0 0 0 0 0 0 0 0 0 0 0 0 0 0 0 0 0 0 1 0 1 0 0 0 0 0 
             2 2 0 0 0 0 0 0 0 0 0 0 0 0 0 0 0 0 0 0 0 0 0 0 1 1 0 1 1 0 0 0 
              2 0 0 0 0 0 0 1 0 1 0 0 0 0 0 0 0 0 0 0 0 0 0 0 0 0 0 0 0 0 0 0 
               1 0 1 0 0 0 0 0 0 0 0 0 0 0 0 0 0 0 0 0 0 0 0 0 0 0 0 0 0 0 0 0 
                0 0 0 0 0 0 0 0 0 0 0 0 0 0 0 0 0 0 0 0 0 0 0 0 0 0 1 0 0 0 0 2 
                 0 0 0 0 0 0 0 0 0 0 0 0 0 0 0 0 0 0 0 0 0 0 0 0 0 0 0 1 0 0 2 2 
                  0 0 0 0 0 0 0 0 0 0 0 0 0 0 0 0 0 0 0 0 0 1 0 0 0 0 0 0 0 2 2 2 
                   0 0 0 0 0 0 0 0 1 0 0 0 0 0 0 0 0 0 0 1 1 0 0 0 0 0 0 1 2 2 2 2 
                    0 0 0 0 0 0 0 0 0 1 0 0 0 0 0 0 0 0 0 0 0 0 1 0 0 0 0 2 2 2 2 2 
                     0 0 0 0 0 0 0 0 0 0 0 0 0 0 0 0 0 0 0 1 0 0 0 0 0 0 2 2 2 2 2 2 
                      0 0 0 1 0 0 0 0 0 0 0 0 0 0 0 0 0 0 0 0 0 0 0 0 0 2 2 2 2 2 2 2 
                       0 0 0 0 0 0 0 0 0 0 0 0 0 1 0 0 0 0 0 0 1 0 0 0 2 2 2 2 2 2 2 2 
                        0 0 0 0 0 0 0 0 0 0 0 0 0 0 0 0 1 0 0 0 0 0 0 2 2 2 2 2 2 2 2 2 
                         0 0 0 0 0 0 1 0 0 0 0 0 0 0 0 0 0 0 0 0 0 0 2 2 2 2 2 2 2 2 2 2 
                          0 1 1 0 0 0 1 0 0 0 0 0 0 0 0 1 0 0 0 0 0 2 2 2 2 2 2 2 2 2 2 2 
                           0 0 1 0 0 0 0 0 1 0 0 0 0 0 0 0 1 0 0 0 2 2 2 2 2 2 2 2 2 2 2 2 
                            0 1 0 0 0 0 0 1 0 0 0 0 1 1 0 0 0 0 0 2 2 2 2 2 2 2 2 2 2 2 2 2 
                             0 0 0 0 0 0 0 0 0 0 0 0 0 0 0 1 0 0 2 2 2 2 2 2 2 2 2 2 2 2 2 2 
                              0 0 0 0 1 0 0 0 0 0 1 0 0 1 0 0 0 2 2 2 2 2 2 2 2 2 2 2 2 2 2 2 
                               0 0 0 0 0 0 0 0 0 0 0 0 0 0 1 0 2 2 2 2 2 2 2 2 2 2 2 2 2 2 2 2 
(1,28) (2,19) (3,32) (4,15) (5,16) (6,18) (7,12) (8,14) (9,8) (10,7) (11,21) (12,31) (20,9) (14,25) (4,28) (16,3) (17,27) (28,3) (19,22) (20,28) (21,23) (22,20) (20,20) (29,8) (25,17) (26,7) (27,16) (14,26) (29,14) (30,16) (31,11) (32,15) (16,1) (28,9) (27,2) (31,5) (13,6) (9,9) (15,10) (29,13) (2,26) (14,29) (27,7) (3,17) (15,8) (2,24) (23,4) (27,3) (21,10) (2,15) (13,27) (18,28) (29,2) (24,14) (3,21) (24,21) (31,14) (13,25) (9,10) (12,30) (28,17) (14,28) (20,21) (4,25) 

