2 2 2 2 2 2 2 2 2 2 2 2 2 2 2 0 0 0 0 0 0 0 0 0 0 0 0 0 0 0 0 1 
 2 2 2 2 2 2 2 2 2 2 2 2 2 2 0 0 0 0 0 1 0 0 1 0 0 0 0 0 0 0 0 0 
  2 2 2 2 2 2 2 2 2 2 2 2 2 0 0 0 1 0 0 0 0 0 0 1 1 0 0 0 0 0 0 0 
   2 2 2 2 2 2 2 2 2 2 2 2 1 0 1 0 0 0 0 0 0 0 1 0 0 0 0 0 0 0 0 0 
    2 2 2 2 2 2 2 2 2 2 2 0 0 0 0 0 0 0 0 0 0 1 0 0 0 0 0 0 0 0 0 0 
     2 2 2 2 2 2 2 2 2 2 0 0 0 0 0 0 0 0 0 0 0 0 0 0 0 0 0 0 1 0 0 0 
      2 2 2 2 2 2 2 2 2 0 0 0 0 0 0 0 0 0 0 1 0 0 0 0 0 0 0 0 0 0 0 0 
       2 2 2 2 2 2 2 2 0 0 0 0 1 0 0 0 0 0 0 0 0 0 1 0 0 0 0 1 0 0 1 0 
        2 2 2 2 2 2 2 0 1 0 0 0 0 0 0 0 0 0 0 0 0 0 0 0 0 0 0 0 0 0 0 0 
         2 2 2 2 2 2 0 0 0 0 1 0 1 0 1 0 0 0 0 0 0 0 0 0 0 1 0 0 0 0 0 1 
          2 2 2 2 2 0 0 0 0 0 0 0 0 0 0 0 0 0 0 0 0 0 0 0 0 0 0 0 0 1 0 0 
           2 2 2 2 0 0 0 0 0 0 0 0 0 0 0 0 0 0 0 0 0 0 0 0 0 1 0 0 0 0 0 0 
            2 2 2 0 0 0 1 0 0 0 0 0 0 0 0 0 0 0 0 0 0 0 0 0 0 0 0 0 0 0 0 0 
             2 2 0 0 0 0 0 0 1 0 0 0 1 0 0 0 0 0 0 0 0 0 0 0 0 0 1 0 0 0 0 0 
              2 0 0 0 0 0 0 1 0 0 0 0 0 0 1 0 0 0 0 0 0 0 0 0 0 0 0 0 0 0 0 0 
               0 0 0 0 0 0 0 0 0 0 0 0 0 0 0 0 0 0 0 0 0 0 0 0 0 0 0 0 0 0 0 1 
                0 0 0 0 1 0 0 0 0 0 0 0 0 0 0 0 0 0 0 0 0 0 0 0 0 0 0 0 0 0 0 2 
                 0 0 1 1 0 0 0 0 0 0 0 0 0 0 0 0 0 0 0 0 0 0 0 0 0 0 0 0 0 0 2 2 
                  0 1 0 0 0 0 0 0 0 0 0 0 0 1 0 0 0 0 0 0 0 0 0 1 0 1 1 0 0 2 2 2 
                   0 0 0 0 0 0 0 0 1 0 0 0 0 0 0 0 0 0 0 0 0 0 0 0 0 0 1 0 2 2 2 2 
                    0 0 0 0 1 1 0 0 0 0 0 0 0 0 0 0 0 0 0 0 1 0 0 0 0 0 0 2 2 2 2 2 
                     0 0 0 0 0 0 1 0 0 0 0 0 0 0 0 0 0 1 1 0 0 0 0 0 0 0 2 2 2 2 2 2 
                      1 0 0 0 0 0 0 0 0 0 0 0 0 0 0 1 0 0 0 0 0 0 0 1 1 2 2 2 2 2 2 2 
                       0 0 0 0 0 0 0 1 0 0 0 0 0 0 0 0 0 0 0 0 0 0 0 0 2 2 2 2 2 2 2 2 
                        0 0 0 0 0 0 0 0 0 0 0 0 1 0 0 0 0 0 0 1 0 0 0 2 2 2 2 2 2 2 2 2 
                         0 0 0 0 0 0 0 0 0 1 0 0 0 0 0 0 0 0 0 0 0 0 2 2 2 2 2 2 2 2 2 2 
                          0 0 0 0 0 0 0 0 0 0 0 0 0 0 0 0 0 0 0 1 1 2 2 2 2 2 2 2 2 2 2 2 
                           0 0 0 0 0 0 0 0 0 0 1 0 0 0 0 0 0 0 0 0 2 2 2 2 2 2 2 2 2 2 2 2 
                            0 0 0 0 1 0 0 0 0 0 0 0 0 0 0 0 0 0 0 2 2 2 2 2 2 2 2 2 2 2 2 2 
                             0 0 0 0 0 0 0 0 0 0 1 0 0 0 0 0 0 0 2 2 2 2 2 2 2 2 2 2 2 2 2 2 
                              0 0 0 0 0 0 1 0 0 0 0 0 0 0 0 0 0 2 2 2 2 2 2 2 2 2 2 2 2 2 2 2 
                               0 0 0 0 1 1 0 0 0 0 0 1 0 0 0 0 2 2 2 2 2 2 2 2 2 2 2 2 2 2 2 2 
(10,13) (23,25) (19,24) (31,7) (17,5) (22,18) (8,23) (25,13) (22,7) (30,11) (19,14) (14,9) (16,32) (27,20) (21,5) (21,21) (4,13) (6,29) (13,7) (18,3) (14,27) (11,30) (15,8) (10,26) (7,20) (10,11) (4,15) (15,15) (2,23) (4,23) (26,10) (18,4) (8,13) (20,9) (32,12) (5,22) (19,2) (12,26) (32,6) (27,21) (9,9) (10,32) (19,27) (22,19) (8,28) (24,8) (2,20) (25,20) (28,11) (23,24) (14,13) (8,31) (32,5) (3,24) (20,27) (3,25) (29,5) (3,17) (23,1) (10,15) (23,16) (19,26) (1,32) (21,6) 

2 2 2 2 2 2 2 2 2 2 2 2 2 2 2 0 0 0 0 0 0 0 0 0 0 0 0 1 0 0 0 0 
 2 2 2 2 2 2 2 2 2 2 2 2 2 2 0 0 0 0 0 0 0 1 0 0 0 0 0 0 0 1 0 0 
  2 2 2 2 2 2 2 2 2 2 2 2 2 0 0 0 0 0 1 0 0 0 0 0 0 0 0 0 0 0 0 0 
   2 2 2 2 2 2 2 2 2 2 2 2 0 0 0 0 0 1 0 0 0 0 0 0 1 0 0 0 0 0 0 0 
    2 2 2 2 2 2 2 2 2 2 2 0 0 0 1 1 0 0 0 0 0 0 0 0 0 0 1 0 0 0 0 0 
     2 2 2 2 2 2 2 2 2 2 0 0 1 0 0 0 0 0 0 0 0 0 0 0 0 0 0 0 0 0 0 0 
      2 2 2 2 2 2 2 2 2 0 0 0 0 0 1 0 0 0 0 0 0 0 0 0 0 0 0 0 0 0 0 0 
       2 2 2 2 2 2 2 2 0 0 0 0 0 0 1 0 0 0 0 1 0 0 0 0 0 0 0 0 0 0 0 0 
        2 2 2 2 2 2 2 0 1 0 1 0 0 0 0 1 0 0 0 0 0 0 0 0 0 0 0 0 0 0 0 0 
         2 2 2 2 2 2 0 0 0 0 0 0 0 1 0 0 0 0 0 0 0 0 0 0 0 0 0 0 0 0 0 0 
          2 2 2 2 2 0 0 0 0 0 0 0 1 0 0 1 0 0 0 0 0 0 0 0 0 0 0 0 0 0 0 0 
           2 2 2 2 0 0 0 0 0 0 0 0 0 0 0 0 0 0 0 0 0 0 0 0 0 0 0 1 0 0 1 1 
            2 2 2 0 0 0 0 0 0 0 0 0 0 1 0 0 0 0 0 0 0 0 0 0 0 0 0 0 0 0 0 0 
             2 2 0 0 0 0 0 0 0 1 0 0 0 0 0 0 1 0 0 0 1 0 0 0 0 1 0 0 1 0 0 0 
              2 0 0 0 0 0 0 0 0 0 0 0 0 0 0 0 0 0 0 0 0 0 0 0 0 0 0 0 0 1 0 0 
               1 0 0 1 0 0 0 0 0 1 1 0 0 0 0 0 0 1 0 0 0 0 0 0 0 0 0 0 1 0 0 0 
                0 0 0 0 0 0 0 0 0 0 0 0 0 0 0 0 0 0 0 0 0 0 0 1 0 0 0 0 0 0 0 2 
                 0 0 0 0 0 0 0 1 0 0 0 0 0 0 0 0 0 0 0 0 0 0 0 0 0 0 0 0 0 0 2 2 
                  0 0 0 0 0 0 0 1 0 0 0 0 0 0 0 0 0 0 0 1 0 0 1 0 0 0 0 0 0 2 2 2 
                   0 0 0 0 0 0 0 0 0 1 0 0 0 0 0 0 0 0 0 0 0 0 0 0 0 0 0 0 2 2 2 2 
                    0 0 0 0 0 1 0 0 0 0 0 0 0 0 0 0 0 0 0 0 0 0 0 0 0 0 0 2 2 2 2 2 
                     0 0 0 0 0 0 0 0 0 1 0 0 0 0 0 0 0 0 0 0 0 0 0 0 0 0 2 2 2 2 2 2 
                      0 0 0 0 0 0 0 0 0 0 1 0 0 0 0 0 0 0 0 1 0 0 0 0 1 2 2 2 2 2 2 2 
                       0 0 0 0 0 0 0 0 0 0 0 0 0 1 0 0 0 0 0 0 0 0 0 0 2 2 2 2 2 2 2 2 
                        0 0 0 0 0 0 0 1 0 0 0 0 0 0 1 0 0 0 0 0 0 0 0 2 2 2 2 2 2 2 2 2 
                         0 0 0 0 0 0 1 0 0 0 0 0 0 0 0 0 0 0 0 0 0 0 2 2 2 2 2 2 2 2 2 2 
                          0 0 0 0 0 0 0 0 1 0 1 0 0 0 0 0 0 0 0 0 0 2 2 2 2 2 2 2 2 2 2 2 
                           0 0 1 1 1 0 0 0 0 0 0 1 0 0 0 0 0 0 0 0 2 2 2 2 2 2 2 2 2 2 2 2 
                            0 1 0 0 0 0 0 1 0 0 0 0 0 1 0 0 1 0 0 2 2 2 2 2 2 2 2 2 2 2 2 2 
                             0 0 0 0 0 0 0 0 0 0 0 0 0 0 0 1 0 0 2 2 2 2 2 2 2 2 2 2 2 2 2 2 
                              0 0 0 0 0 0 0 0 0 0 1 0 0 1 0 0 0 2 2 2 2 2 2 2 2 2 2 2 2 2 2 2 
                               0 0 0 0 0 0 0 0 0 0 0 0 0 0 1 0 2 2 2 2 2 2 2 2 2 2 2 2 2 2 2 2 
(11,16) (19,8) (23,20) (14,21) (1,28) (16,4) (25,15) (27,11) (12,28) (28,4) (28,5) (16,10) (10,14) (13,14) (6,13) (19,20) (14,29) (14,17) (2,22) (21,6) (9,11) (24,14) (23,11) (18,8) (5,16) (26,7) (11,13) (5,15) (7,15) (22,10) (17,24) (32,15) (31,11) (5,27) (28,12) (29,14) (19,23) (9,9) (8,15) (25,8) (27,9) (14,26) (2,30) (16,18) (29,8) (4,18) (16,11) (9,16) (12,31) (12,32) (15,30) (16,1) (29,2) (23,25) (20,10) (8,20) (31,14) (3,19) (14,10) (16,29) (29,17) (28,3) (30,16) (4,25) 

2 2 2 2 2 2 2 2 2 2 2 2 2 2 2 0 1 0 0 0 0 0 0 0 0 0 0 0 0 0 0 0 
 2 2 2 2 2 2 2 2 2 2 2 2 2 2 0 0 0 1 0 0 0 0 0 1 0 1 0 0 0 0 0 0 
  2 2 2 2 2 2 2 2 2 2 2 2 2 0 0 0 0 1 0 0 0 0 0 0 0 0 0 0 0 0 0 1 
   2 2 2 2 2 2 2 2 2 2 2 2 0 0 0 0 1 0 0 1 0 0 0 0 1 0 0 0 0 0 1 0 
    2 2 2 2 2 2 2 2 2 2 2 0 0 0 0 0 0 0 0 1 0 0 0 0 0 0 0 0 0 0 0 1 
     2 2 2 2 2 2 2 2 2 2 1 1 0 0 0 0 1 0 0 0 0 0 0 0 0 0 1 0 0 0 0 0 
      2 2 2 2 2 2 2 2 2 0 0 0 0 0 0 0 0 0 0 0 0 0 0 0 0 0 0 0 0 0 1 0 
       2 2 2 2 2 2 2 2 0 0 0 0 0 0 1 0 0 0 0 0 0 0 0 0 0 0 0 0 0 0 0 0 
        2 2 2 2 2 2 2 1 0 0 0 0 0 0 0 1 0 0 0 0 0 0 0 0 0 0 0 0 0 0 1 0 
         2 2 2 2 2 2 0 0 0 0 0 0 1 0 0 0 1 0 0 0 0 0 0 0 0 0 0 0 0 0 0 0 
          2 2 2 2 2 0 0 0 0 0 0 0 0 0 0 0 0 0 0 0 0 0 0 0 0 0 0 0 0 0 0 1 
           2 2 2 2 0 1 0 0 0 0 1 0 0 0 0 0 0 0 0 0 0 0 0 0 0 0 1 0 0 0 0 0 
            2 2 2 0 0 0 0 0 0 0 0 0 0 0 0 0 0 0 0 0 0 0 0 0 0 0 0 0 0 0 0 1 
             2 2 0 0 0 0 0 0 0 0 0 0 0 0 0 0 0 0 0 0 0 0 0 0 0 0 0 0 0 1 1 0 
              2 0 1 1 0 0 0 0 0 0 0 1 0 1 0 0 0 0 0 0 0 0 0 0 0 0 0 0 1 0 0 0 
               0 0 0 0 0 0 0 0 0 0 1 0 0 0 0 0 0 0 0 0 0 0 0 0 0 0 0 0 0 0 0 0 
                0 0 0 0 1 0 0 0 0 0 0 0 0 0 0 0 0 0 0 0 0 0 0 0 0 0 0 0 0 0 0 2 
                 1 0 0 0 0 0 0 0 0 0 0 0 0 0 0 0 0 0 0 0 0 0 0 0 0 0 0 0 0 0 2 2 
                  0 0 0 0 0 0 0 0 0 0 0 0 0 0 0 0 0 0 0 0 0 1 0 0 0 0 0 0 0 2 2 2 
                   0 0 0 0 0 0 0 0 0 0 0 0 0 0 0 0 0 0 0 0 0 0 0 0 0 0 0 1 2 2 2 2 
                    0 0 0 0 0 1 0 0 0 0 0 0 0 0 0 1 0 0 0 0 0 0 0 0 0 0 0 2 2 2 2 2 
                     0 0 0 0 0 0 1 0 0 0 0 0 0 0 0 0 0 0 0 0 0 0 0 0 0 0 2 2 2 2 2 2 
                      0 0 0 1 0 0 0 0 0 0 0 0 0 0 0 0 0 0 0 0 0 0 0 0 0 2 2 2 2 2 2 2 
                       0 0 1 0 0 0 0 0 0 0 0 0 0 0 0 0 0 0 0 0 0 0 1 0 2 2 2 2 2 2 2 2 
                        0 0 0 0 0 0 0 0 0 0 0 0 0 0 0 0 0 0 1 0 0 0 0 2 2 2 2 2 2 2 2 2 
                         1 0 0 0 0 0 0 0 0 0 0 0 0 0 0 1 0 0 1 0 1 0 2 2 2 2 2 2 2 2 2 2 
                          0 0 1 0 1 0 0 0 0 1 0 0 0 0 0 0 0 1 1 0 1 2 2 2 2 2 2 2 2 2 2 2 
                           0 0 0 0 0 0 0 0 0 0 0 0 0 0 0 1 0 0 0 0 2 2 2 2 2 2 2 2 2 2 2 2 
                            0 1 0 0 0 0 0 0 1 0 0 0 0 0 0 0 0 0 0 2 2 2 2 2 2 2 2 2 2 2 2 2 
                             0 0 0 0 0 0 0 0 0 0 0 0 0 0 0 1 0 0 2 2 2 2 2 2 2 2 2 2 2 2 2 2 
                              0 0 1 1 0 0 0 0 0 0 0 0 0 0 0 0 0 2 2 2 2 2 2 2 2 2 2 2 2 2 2 2 
                               0 0 0 1 0 0 0 0 0 0 0 0 0 0 0 0 2 2 2 2 2 2 2 2 2 2 2 2 2 2 2 2 
(4,20) (4,17) (6,17) (5,32) (26,21) (30,16) (32,4) (26,16) (29,2) (12,11) (26,19) (31,4) (9,31) (1,17) (6,27) (27,19) (9,16) (15,29) (19,22) (24,3) (13,32) (15,12) (15,3) (8,15) (15,4) (29,9) (10,17) (15,14) (11,32) (21,16) (14,31) (6,11) (18,1) (25,19) (14,30) (5,20) (16,11) (9,8) (26,1) (10,13) (31,3) (2,26) (27,3) (17,5) (21,6) (2,24) (23,4) (27,10) (3,18) (27,18) (12,6) (27,5) (28,16) (12,27) (27,21) (3,32) (2,18) (22,7) (4,31) (24,23) (20,28) (6,12) (7,31) (4,25) 

2 2 2 2 2 2 2 2 2 2 2 2 2 2 2 0 0 0 0 0 0 1 0 0 0 0 0 0 0 0 0 0 
 2 2 2 2 2 2 2 2 2 2 2 2 2 2 0 0 0 0 0 0 0 0 0 0 0 1 0 0 0 0 0 0 
  2 2 2 2 2 2 2 2 2 2 2 2 2 0 0 0 1 0 0 0 0 0 0 0 0 0 0 0 0 0 0 0 
   2 2 2 2 2 2 2 2 2 2 2 2 1 0 0 0 0 0 0 0 0 0 0 0 1 0 0 0 0 0 0 0 
    2 2 2 2 2 2 2 2 2 2 2 0 0 1 0 1 0 1 0 0 0 0 0 0 0 0 0 1 0 1 0 0 
     2 2 2 2 2 2 2 2 2 2 0 0 0 0 0 0 0 0 0 0 0 0 0 0 0 0 0 1 0 0 0 0 
      2 2 2 2 2 2 2 2 2 0 0 0 0 0 0 0 0 0 0 0 1 0 0 0 0 0 0 0 1 1 0 0 
       2 2 2 2 2 2 2 2 0 0 0 0 0 0 0 1 0 1 0 0 0 0 0 0 0 0 0 0 0 0 0 0 
        2 2 2 2 2 2 2 1 1 0 0 0 0 0 0 0 0 0 0 0 0 0 0 0 0 0 0 0 0 0 0 0 
         2 2 2 2 2 2 1 0 0 0 0 0 0 0 0 0 0 0 0 0 0 0 0 0 0 0 0 0 0 0 0 0 
          2 2 2 2 2 0 0 0 0 0 0 0 0 0 0 0 0 0 0 0 0 0 0 1 0 0 0 0 0 0 0 0 
           2 2 2 2 0 0 0 0 0 0 0 1 0 0 0 0 0 1 0 0 0 0 0 0 0 0 0 0 0 0 0 1 
            2 2 2 0 0 1 0 0 0 1 0 0 0 0 0 0 0 0 0 0 0 1 0 0 0 0 0 0 0 0 1 0 
             2 2 0 0 0 0 0 0 0 0 0 0 0 0 0 0 0 0 1 0 0 0 0 0 0 0 0 0 0 0 0 0 
              2 0 0 0 0 0 0 0 0 0 0 0 1 0 0 0 0 0 0 1 0 0 0 0 0 0 0 0 0 0 0 0 
               0 0 0 0 0 0 0 0 0 0 0 0 0 0 0 0 1 0 0 0 0 0 0 0 0 0 0 0 0 0 0 0 
                0 0 0 0 0 0 0 0 0 0 0 0 0 0 0 0 0 0 0 0 0 0 0 0 1 0 0 0 0 0 0 2 
                 0 0 0 0 0 0 0 0 0 0 0 0 1 0 0 0 0 0 0 0 0 0 0 0 1 0 1 1 0 0 2 2 
                  0 0 0 0 0 0 0 0 0 0 0 0 0 0 0 0 0 0 0 1 0 1 0 1 0 0 0 0 0 2 2 2 
                   0 0 0 0 0 0 0 0 0 0 0 0 0 0 0 0 0 0 0 0 0 0 1 0 0 0 0 0 2 2 2 2 
                    1 0 0 0 1 0 1 0 0 0 0 0 0 0 0 0 0 0 0 0 0 0 0 0 0 0 0 2 2 2 2 2 
                     0 0 0 0 0 0 0 1 0 0 0 1 0 0 0 0 0 1 0 0 0 0 0 0 0 0 2 2 2 2 2 2 
                      0 1 1 0 0 0 0 0 0 0 0 0 0 0 0 0 0 0 0 0 0 0 0 0 0 2 2 2 2 2 2 2 
                       0 0 0 0 0 0 1 0 0 0 0 1 0 0 0 0 0 0 0 0 0 0 0 0 2 2 2 2 2 2 2 2 
                        0 1 0 0 0 0 1 0 0 1 1 0 0 0 0 0 0 0 0 0 0 0 0 2 2 2 2 2 2 2 2 2 
                         0 0 0 0 0 0 0 0 0 0 0 1 0 0 0 0 0 0 0 0 0 0 2 2 2 2 2 2 2 2 2 2 
                          0 0 1 0 0 0 0 0 0 0 0 0 0 0 0 0 0 0 0 0 0 2 2 2 2 2 2 2 2 2 2 2 
                           0 0 0 0 0 0 1 0 0 0 0 0 0 0 0 0 0 0 0 0 2 2 2 2 2 2 2 2 2 2 2 2 
                            0 0 0 0 0 0 0 0 0 0 0 0 0 0 0 0 1 0 0 2 2 2 2 2 2 2 2 2 2 2 2 2 
                             0 0 0 0 0 0 0 0 0 0 0 0 0 0 0 0 0 1 2 2 2 2 2 2 2 2 2 2 2 2 2 2 
                              0 1 0 1 0 0 0 0 0 0 0 0 1 0 0 0 1 2 2 2 2 2 2 2 2 2 2 2 2 2 2 2 
                               0 0 0 0 0 0 0 0 0 0 0 0 0 0 1 0 2 2 2 2 2 2 2 2 2 2 2 2 2 2 2 2 
(13,22) (31,4) (18,25) (23,2) (16,17) (19,24) (5,30) (5,14) (23,3) (7,30) (15,13) (7,29) (21,7) (28,7) (2,26) (5,16) (5,28) (13,10) (19,22) (25,11) (10,7) (18,28) (7,21) (24,7) (4,13) (11,24) (21,5) (29,17) (20,23) (18,13) (25,2) (13,31) (1,22) (12,32) (25,10) (19,20) (13,6) (9,9) (18,27) (31,2) (12,18) (8,18) (12,12) (3,17) (22,12) (26,12) (32,15) (27,3) (25,7) (15,20) (6,28) (31,17) (24,12) (17,25) (8,16) (14,19) (22,18) (30,18) (22,8) (9,8) (31,13) (21,1) (5,18) (4,25) 

2 2 2 2 2 2 2 2 2 2 2 2 2 2 2 0 0 0 0 1 0 0 0 0 0 0 0 0 0 0 0 0 
 2 2 2 2 2 2 2 2 2 2 2 2 2 2 1 0 0 0 0 0 0 0 0 0 0 0 0 0 0 0 0 0 
  2 2 2 2 2 2 2 2 2 2 2 2 2 1 0 0 0 0 0 0 0 0 0 0 1 0 0 0 0 1 0 0 
   2 2 2 2 2 2 2 2 2 2 2 2 1 0 0 0 0 0 0 0 0 0 0 0 0 0 0 0 0 0 0 0 
    2 2 2 2 2 2 2 2 2 2 2 0 0 0 0 0 0 0 0 1 0 0 0 0 0 0 0 0 0 0 0 0 
     2 2 2 2 2 2 2 2 2 2 0 0 0 1 0 0 0 0 0 0 0 1 0 0 0 0 0 1 0 0 0 0 
      2 2 2 2 2 2 2 2 2 0 0 0 0 0 0 1 0 0 0 0 0 0 1 0 0 0 1 0 0 0 0 0 
       2 2 2 2 2 2 2 2 0 0 0 0 0 0 0 0 0 0 1 0 0 0 0 0 1 0 0 1 0 0 1 0 
        2 2 2 2 2 2 2 0 0 0 0 0 0 0 0 0 0 0 0 0 0 0 0 0 0 0 0 1 0 0 1 0 
         2 2 2 2 2 2 0 0 0 1 0 0 0 0 0 0 0 0 1 1 0 0 0 0 0 0 0 0 0 0 0 0 
          2 2 2 2 2 0 0 0 0 0 0 0 0 1 0 0 0 0 0 0 0 0 0 0 0 0 0 0 0 0 0 0 
           2 2 2 2 1 1 0 0 0 0 0 0 0 0 1 0 1 0 0 0 0 0 0 0 0 1 0 0 0 0 0 0 
            2 2 2 0 0 0 0 0 1 0 0 0 0 1 0 0 0 0 0 0 0 0 0 0 0 0 0 0 0 0 1 0 
             2 2 0 0 0 0 0 0 0 0 0 0 0 0 0 0 0 0 0 0 0 0 0 0 0 0 0 0 0 0 0 1 
              2 0 0 1 0 0 0 1 0 0 0 0 0 1 0 0 0 0 0 0 0 0 0 0 0 0 0 0 0 0 0 0 
               0 0 0 1 0 0 0 0 0 0 0 0 0 0 0 0 0 0 0 0 1 0 0 0 0 0 0 0 0 0 0 0 
                0 0 0 0 0 0 0 0 0 0 0 0 0 0 0 0 1 0 0 0 0 0 0 0 0 0 0 0 1 0 0 2 
                 0 0 0 0 0 1 0 0 0 0 0 0 1 0 0 0 0 0 0 0 0 0 0 0 0 0 1 0 1 0 2 2 
                  0 0 0 0 0 0 0 0 0 0 0 0 0 0 0 0 0 0 0 0 0 0 0 0 0 0 0 0 1 2 2 2 
                   0 0 1 0 0 0 0 0 0 0 0 0 0 0 0 0 0 0 0 0 0 0 0 0 0 0 0 0 2 2 2 2 
                    0 0 0 0 1 0 0 0 0 0 0 0 0 0 0 0 0 0 0 0 0 0 0 0 0 0 0 2 2 2 2 2 
                     0 0 0 0 0 0 0 0 0 0 0 0 0 0 0 0 0 0 0 1 0 0 0 0 0 0 2 2 2 2 2 2 
                      0 0 0 0 0 0 0 0 0 0 0 0 0 0 0 0 0 0 1 0 0 0 0 1 0 2 2 2 2 2 2 2 
                       0 0 0 0 0 0 0 0 0 0 0 0 0 0 0 0 0 1 0 0 0 0 0 0 2 2 2 2 2 2 2 2 
                        0 0 0 0 0 0 1 0 0 0 0 0 0 0 0 0 0 0 0 0 0 0 0 2 2 2 2 2 2 2 2 2 
                         0 0 1 0 0 0 0 0 0 0 0 0 0 0 1 0 0 0 0 0 0 0 2 2 2 2 2 2 2 2 2 2 
                          0 0 0 0 0 0 0 0 0 0 0 0 0 0 0 0 1 0 0 0 0 2 2 2 2 2 2 2 2 2 2 2 
                           0 0 0 0 0 0 0 0 0 0 0 0 0 1 0 0 0 0 0 0 2 2 2 2 2 2 2 2 2 2 2 2 
                            0 1 0 0 0 0 0 0 0 0 0 0 0 0 0 0 0 0 0 2 2 2 2 2 2 2 2 2 2 2 2 2 
                             0 0 0 0 1 0 0 0 0 0 0 1 0 1 0 0 0 0 2 2 2 2 2 2 2 2 2 2 2 2 2 2 
                              0 0 1 0 0 0 0 0 0 0 0 0 0 0 0 0 0 2 2 2 2 2 2 2 2 2 2 2 2 2 2 2 
                               1 0 0 0 1 0 0 0 0 0 1 1 0 0 0 0 2 2 2 2 2 2 2 2 2 2 2 2 2 2 2 2 
(22,20) (17,17) (3,30) (7,16) (11,14) (9,28) (7,23) (8,31) (2,15) (30,5) (25,7) (4,13) (12,26) (17,29) (10,19) (16,21) (3,14) (18,29) (19,29) (20,3) (10,20) (23,24) (18,13) (12,15) (15,8) (26,15) (3,25) (8,19) (29,2) (26,3) (31,3) (32,5) (9,31) (12,17) (28,14) (8,28) (32,11) (13,14) (32,1) (24,18) (6,22) (10,10) (14,32) (12,6) (5,20) (13,9) (13,31) (7,27) (15,4) (18,6) (18,27) (6,14) (30,14) (21,5) (12,5) (23,19) (15,14) (1,20) (27,17) (16,4) (32,12) (6,28) (30,12) (8,25) 

2 2 2 2 2 2 2 2 2 2 2 2 2 2 2 0 0 0 0 1 0 0 0 0 1 1 0 0 0 0 0 0 
 2 2 2 2 2 2 2 2 2 2 2 2 2 2 0 0 0 0 0 0 0 0 0 0 1 0 0 0 0 0 0 0 
  2 2 2 2 2 2 2 2 2 2 2 2 2 0 0 0 0 0 0 0 0 0 0 0 0 0 1 0 0 1 0 0 
   2 2 2 2 2 2 2 2 2 2 2 2 1 0 0 0 0 0 0 0 0 0 0 0 0 0 0 0 0 0 0 0 
    2 2 2 2 2 2 2 2 2 2 2 0 0 0 0 1 0 0 0 0 0 0 0 0 0 0 0 0 0 0 0 0 
     2 2 2 2 2 2 2 2 2 2 0 0 0 0 0 0 0 0 0 0 0 0 0 0 1 0 0 0 0 0 0 0 
      2 2 2 2 2 2 2 2 2 0 0 0 0 0 0 0 0 0 0 1 0 0 0 0 0 0 0 0 0 0 0 0 
       2 2 2 2 2 2 2 2 0 0 0 0 0 0 0 0 0 0 0 0 0 0 1 0 1 0 0 0 0 0 0 0 
        2 2 2 2 2 2 2 0 0 0 0 0 0 0 0 0 0 0 0 0 0 0 0 0 0 0 0 1 0 0 0 0 
         2 2 2 2 2 2 0 0 0 1 0 0 0 1 0 0 0 0 0 0 1 0 0 0 0 0 0 0 0 0 0 0 
          2 2 2 2 2 1 0 0 0 0 0 0 0 1 0 0 0 0 1 0 0 0 0 0 0 0 0 0 1 0 0 0 
           2 2 2 2 1 1 0 0 0 0 0 0 0 0 0 0 0 0 0 0 0 0 0 0 1 1 0 0 0 0 0 0 
            2 2 2 0 0 0 0 0 0 0 0 0 0 0 0 0 0 0 0 0 0 0 0 0 0 1 0 0 0 0 0 0 
             2 2 0 0 0 0 0 0 0 0 0 0 0 0 0 0 0 0 0 1 0 0 0 0 0 0 0 0 0 0 1 1 
              2 0 0 1 0 1 0 0 0 0 0 0 1 0 0 0 0 0 1 0 0 1 0 0 0 0 0 0 0 0 0 0 
               0 0 0 0 0 0 0 0 0 0 0 0 1 0 0 0 0 0 0 0 0 0 0 0 0 0 0 0 0 0 0 0 
                0 0 0 0 1 0 0 1 1 0 0 1 0 0 0 0 0 0 0 1 0 0 0 0 0 1 0 0 0 0 0 2 
                 0 0 0 0 0 0 0 0 0 0 0 0 0 0 0 1 1 0 0 0 0 0 0 0 0 1 0 0 0 0 2 2 
                  0 0 0 0 0 0 0 0 0 0 0 0 0 0 0 0 0 0 0 0 0 1 0 0 0 0 0 0 1 2 2 2 
                   0 0 1 0 0 0 0 0 0 0 0 0 0 0 0 0 0 0 0 0 0 0 0 0 0 0 0 0 2 2 2 2 
                    0 0 0 0 1 0 0 0 0 0 0 0 0 0 0 0 0 0 0 0 0 0 0 1 0 0 0 2 2 2 2 2 
                     0 0 1 0 0 1 0 0 0 0 0 0 0 0 0 0 0 0 0 0 0 0 0 0 0 0 2 2 2 2 2 2 
                      0 0 0 0 0 0 0 0 0 0 0 0 0 0 0 0 0 0 0 0 0 0 0 1 1 2 2 2 2 2 2 2 
                       0 0 0 0 0 0 0 0 0 0 0 0 0 0 0 0 0 1 0 0 0 0 0 0 2 2 2 2 2 2 2 2 
                        0 0 0 0 0 1 0 0 1 0 0 0 0 0 0 0 0 0 0 0 0 0 0 2 2 2 2 2 2 2 2 2 
                         0 0 0 0 0 0 0 0 0 0 0 0 0 0 1 0 0 0 0 0 0 0 2 2 2 2 2 2 2 2 2 2 
                          0 0 0 0 0 0 1 0 0 0 0 0 0 0 0 0 0 0 0 0 0 2 2 2 2 2 2 2 2 2 2 2 
                           0 0 0 0 0 1 0 0 0 0 0 0 0 0 0 0 0 0 0 0 2 2 2 2 2 2 2 2 2 2 2 2 
                            0 1 0 0 0 0 0 0 0 0 0 0 0 0 0 0 0 0 0 2 2 2 2 2 2 2 2 2 2 2 2 2 
                             0 1 0 0 0 0 0 0 0 0 0 0 0 0 0 0 0 0 2 2 2 2 2 2 2 2 2 2 2 2 2 2 
                              0 0 1 0 0 0 0 0 0 0 0 0 0 0 0 0 0 2 2 2 2 2 2 2 2 2 2 2 2 2 2 2 
                               1 0 0 1 0 0 0 0 0 0 1 0 0 0 0 0 2 2 2 2 2 2 2 2 2 2 2 2 2 2 2 2 
(1,25) (2,25) (15,4) (4,13) (18,26) (18,16) (16,13) (23,25) (15,13) (11,14) (11,19) (17,26) (13,26) (14,31) (19,22) (17,8) (17,5) (17,12) (15,19) (20,3) (27,7) (9,28) (23,24) (24,18) (12,25) (26,15) (11,29) (28,6) (29,2) (30,2) (31,3) (19,29) (7,20) (22,3) (25,9) (10,10) (32,11) (15,22) (14,20) (18,17) (8,23) (3,27) (14,32) (12,6) (10,21) (10,14) (22,6) (17,9) (12,26) (25,6) (17,20) (32,1) (3,30) (21,5) (12,5) (21,24) (6,25) (1,20) (11,6) (1,26) (5,16) (32,4) (15,6) (8,25) 

2 2 2 2 2 2 2 2 2 2 2 2 2 2 2 0 0 0 0 0 0 0 1 0 0 0 0 0 0 0 0 0 
 2 2 2 2 2 2 2 2 2 2 2 2 2 2 0 0 0 0 0 0 0 0 0 0 0 0 0 0 0 1 0 0 
  2 2 2 2 2 2 2 2 2 2 2 2 2 0 0 0 0 0 0 0 0 0 0 0 0 0 0 0 1 0 0 0 
   2 2 2 2 2 2 2 2 2 2 2 2 0 0 0 0 0 0 0 0 0 0 1 0 0 0 0 0 0 0 1 0 
    2 2 2 2 2 2 2 2 2 2 2 0 0 0 0 0 0 0 0 0 0 0 0 0 0 0 0 0 1 0 1 0 
     2 2 2 2 2 2 2 2 2 2 0 0 0 1 0 0 0 0 0 0 0 0 0 0 0 0 0 0 0 0 0 0 
      2 2 2 2 2 2 2 2 2 0 1 1 0 0 1 0 0 0 0 0 0 0 0 0 0 0 0 0 0 0 0 0 
       2 2 2 2 2 2 2 2 0 0 0 0 0 0 0 0 0 0 0 0 0 0 1 0 1 0 0 0 0 0 0 0 
        2 2 2 2 2 2 2 0 0 0 0 0 0 0 0 1 0 1 0 0 0 0 0 0 0 1 0 0 0 0 1 0 
         2 2 2 2 2 2 0 0 0 0 1 0 0 0 0 0 0 0 0 0 0 0 0 0 0 0 0 0 0 0 0 0 
          2 2 2 2 2 0 0 0 0 0 0 0 0 0 0 0 0 0 0 0 0 0 0 0 0 0 0 0 0 0 1 0 
           2 2 2 2 0 1 0 0 0 0 0 0 0 0 0 0 0 0 0 0 0 0 0 0 0 0 0 0 0 0 0 0 
            2 2 2 0 1 0 0 0 0 0 0 0 0 0 0 0 0 0 0 0 1 0 0 0 0 0 0 0 0 0 0 0 
             2 2 1 1 0 0 0 0 0 0 0 0 0 0 0 0 0 0 0 0 1 0 0 1 0 0 0 0 0 0 0 1 
              2 0 0 0 0 1 0 0 0 0 0 0 0 0 0 0 0 0 0 0 0 0 0 0 0 0 0 0 0 0 0 0 
               0 0 0 0 0 0 0 0 1 0 0 0 1 0 0 0 0 0 0 1 0 0 0 0 0 0 0 0 0 0 0 0 
                0 0 0 0 0 1 0 0 0 0 1 0 0 0 0 0 0 0 1 0 0 0 0 0 0 0 0 0 0 0 0 2 
                 0 0 0 0 0 0 0 0 0 0 0 0 0 0 0 0 0 0 0 0 0 0 0 0 0 0 0 0 0 1 2 2 
                  0 0 0 0 0 0 0 0 1 0 0 0 0 0 0 0 0 0 0 0 0 0 0 0 0 0 0 0 0 2 2 2 
                   1 0 0 0 0 0 0 0 0 0 0 0 0 0 0 0 0 0 0 0 0 0 0 0 0 0 1 1 2 2 2 2 
                    0 0 0 0 0 0 0 1 0 0 0 0 0 0 0 0 0 0 0 0 0 0 0 0 0 0 0 2 2 2 2 2 
                     0 0 0 0 0 0 0 0 0 0 0 0 0 0 0 0 0 0 0 0 0 1 0 0 0 0 2 2 2 2 2 2 
                      0 0 1 0 0 0 0 0 0 0 0 0 0 0 0 0 0 0 0 0 0 0 0 0 0 2 2 2 2 2 2 2 
                       0 0 1 0 1 0 0 0 0 0 0 0 0 0 0 0 0 0 0 0 0 0 0 0 2 2 2 2 2 2 2 2 
                        0 0 0 0 0 0 0 0 0 1 0 1 0 0 0 0 0 1 0 0 0 0 0 2 2 2 2 2 2 2 2 2 
                         0 0 0 0 0 0 0 0 1 0 0 0 0 0 1 0 1 0 1 0 0 0 2 2 2 2 2 2 2 2 2 2 
                          0 0 0 0 0 1 0 0 1 0 0 1 0 0 0 0 1 0 0 0 0 2 2 2 2 2 2 2 2 2 2 2 
                           0 1 0 0 1 0 0 0 1 0 0 0 0 0 0 0 0 0 0 0 2 2 2 2 2 2 2 2 2 2 2 2 
                            0 0 0 0 0 0 1 0 0 0 0 0 0 0 0 0 0 0 0 2 2 2 2 2 2 2 2 2 2 2 2 2 
                             0 0 0 0 0 0 0 0 0 0 0 0 0 0 0 0 1 0 2 2 2 2 2 2 2 2 2 2 2 2 2 2 
                              0 0 0 0 0 0 0 0 0 0 0 0 1 0 0 0 0 2 2 2 2 2 2 2 2 2 2 2 2 2 2 2 
                               0 0 1 0 1 0 0 0 0 0 0 0 0 0 1 0 2 2 2 2 2 2 2 2 2 2 2 2 2 2 2 2 
(32,5) (2,30) (21,8) (26,9) (25,12) (11,31) (7,15) (15,6) (25,18) (4,23) (24,5) (24,3) (31,13) (16,20) (30,17) (18,30) (9,16) (8,25) (27,9) (10,11) (5,29) (28,9) (32,15) (9,26) (13,21) (14,32) (14,21) (26,19) (29,7) (12,6) (17,19) (27,6) (20,1) (32,3) (5,31) (4,31) (6,14) (26,17) (20,27) (16,13) (27,17) (28,5) (14,24) (22,22) (14,3) (1,23) (7,12) (28,2) (23,3) (14,4) (17,11) (27,12) (7,11) (13,5) (16,9) (17,6) (9,18) (25,10) (19,9) (26,15) (3,29) (8,23) (20,28) (9,31) 

