2 2 2 2 2 2 2 2 2 2 2 2 2 2 2 0 0 0 0 0 0 0 1 0 1 0 0 0 0 0 1 0 
 2 2 2 2 2 2 2 2 2 2 2 2 2 2 0 0 0 0 0 0 0 1 0 1 0 0 0 0 0 0 0 0 
  2 2 2 2 2 2 2 2 2 2 2 2 2 1 0 0 0 0 0 0 0 0 0 0 0 0 0 0 0 0 0 0 
   2 2 2 2 2 2 2 2 2 2 2 2 0 0 0 0 1 0 0 0 0 1 0 0 1 0 0 0 1 0 0 0 
    2 2 2 2 2 2 2 2 2 2 2 0 0 0 0 0 0 0 0 1 0 0 0 0 0 0 0 0 0 0 0 0 
     2 2 2 2 2 2 2 2 2 2 0 0 0 0 0 0 1 0 0 0 0 0 0 0 0 0 0 0 0 0 0 0 
      2 2 2 2 2 2 2 2 2 0 0 0 0 1 0 0 0 1 0 0 0 0 0 0 0 0 0 0 0 0 0 0 
       2 2 2 2 2 2 2 2 0 0 0 0 0 1 0 0 0 1 0 0 0 0 0 0 0 0 0 0 0 0 0 0 
        2 2 2 2 2 2 2 0 0 0 0 0 0 0 0 0 0 0 0 0 0 0 0 0 0 0 0 0 0 0 1 0 
         2 2 2 2 2 2 0 0 0 0 0 0 1 0 0 0 0 0 0 0 0 0 0 0 0 0 0 0 0 0 0 0 
          2 2 2 2 2 0 0 0 1 0 0 0 0 0 0 0 0 0 0 0 0 0 0 0 0 0 0 0 0 0 0 0 
           2 2 2 2 0 0 0 0 0 1 1 0 0 0 0 0 0 0 0 0 0 0 0 0 0 0 0 0 1 0 0 0 
            2 2 2 0 0 0 0 0 0 0 0 0 1 0 0 0 0 0 0 0 0 0 0 0 0 0 0 0 0 0 0 0 
             2 2 0 1 0 0 0 0 0 0 0 1 0 0 0 0 0 0 0 0 0 0 0 0 0 0 0 0 0 0 0 1 
              2 0 0 1 0 0 1 0 0 0 0 0 0 0 0 0 0 0 0 0 0 0 0 0 0 0 0 0 0 0 0 0 
               0 0 0 0 0 0 0 0 0 0 0 0 1 1 0 0 1 0 0 0 0 0 0 0 0 1 1 0 0 1 1 0 
                0 0 0 0 0 0 0 0 0 0 0 0 0 0 0 0 0 0 0 0 0 0 0 0 0 0 0 0 1 0 0 2 
                 0 0 0 0 0 0 0 0 0 0 0 0 0 0 0 0 0 0 0 0 0 0 0 0 0 0 0 1 0 0 2 2 
                  0 0 0 0 0 0 0 0 0 0 0 0 0 0 1 0 0 0 0 0 0 0 0 0 0 0 0 0 0 2 2 2 
                   0 0 0 0 1 0 0 0 0 0 0 0 0 1 0 0 0 1 0 0 0 0 0 0 0 0 0 1 2 2 2 2 
                    0 1 0 1 0 1 0 1 0 1 0 0 1 0 0 0 0 0 0 0 0 0 0 0 0 0 0 2 2 2 2 2 
                     0 0 0 0 0 0 0 0 0 0 0 0 0 0 0 0 0 0 1 0 0 0 0 0 0 0 2 2 2 2 2 2 
                      0 0 0 0 0 0 0 0 0 0 0 0 0 1 0 0 0 0 0 0 1 0 0 0 0 2 2 2 2 2 2 2 
                       0 0 0 0 0 1 0 0 0 0 1 0 0 0 0 0 0 0 0 0 0 0 0 0 2 2 2 2 2 2 2 2 
                        0 0 0 0 0 0 0 0 0 0 0 0 0 0 0 0 0 0 0 1 0 0 0 2 2 2 2 2 2 2 2 2 
                         0 0 0 0 0 0 0 0 0 1 0 0 0 0 0 0 0 0 0 0 0 0 2 2 2 2 2 2 2 2 2 2 
                          1 0 1 0 0 0 0 0 0 0 0 0 0 0 0 0 0 0 0 0 0 2 2 2 2 2 2 2 2 2 2 2 
                           0 0 0 0 0 0 0 0 0 0 1 0 0 0 0 0 1 0 0 0 2 2 2 2 2 2 2 2 2 2 2 2 
                            0 0 0 0 0 0 0 0 0 0 0 1 0 0 0 0 0 0 0 2 2 2 2 2 2 2 2 2 2 2 2 2 
                             0 0 0 0 0 0 1 0 0 0 0 1 0 0 0 0 0 0 2 2 2 2 2 2 2 2 2 2 2 2 2 2 
                              0 0 0 0 0 0 0 0 0 0 0 0 0 0 0 1 0 2 2 2 2 2 2 2 2 2 2 2 2 2 2 2 
                               0 0 0 0 0 0 0 0 0 0 0 0 1 0 0 0 2 2 2 2 2 2 2 2 2 2 2 2 2 2 2 2 
(16,30) (16,14) (2,24) (21,6) (8,14) (16,13) (16,17) (21,10) (12,11) (19,15) (21,4) (15,7) (23,14) (26,10) (28,11) (16,31) (20,18) (30,7) (27,1) (20,28) (15,4) (10,13) (1,31) (24,11) (6,17) (7,14) (8,18) (1,23) (21,2) (1,25) (31,16) (18,28) (4,22) (24,6) (16,27) (29,12) (4,29) (2,22) (4,17) (20,14) (5,20) (16,26) (27,3) (14,32) (13,13) (28,17) (21,8) (7,18) (4,25) (14,12) (12,10) (23,21) (12,29) (21,13) (3,14) (25,20) (22,19) (17,29) (20,5) (32,13) (11,9) (30,12) (14,4) (9,31) 

2 2 2 2 2 2 2 2 2 2 2 2 2 2 2 0 0 0 0 0 0 0 0 0 0 0 0 1 0 0 0 0 
 2 2 2 2 2 2 2 2 2 2 2 2 2 2 0 1 0 0 0 0 0 0 0 1 0 0 0 0 0 0 1 0 
  2 2 2 2 2 2 2 2 2 2 2 2 2 0 0 0 0 0 0 0 0 0 0 0 0 0 1 0 0 0 0 1 
   2 2 2 2 2 2 2 2 2 2 2 2 0 0 0 0 0 0 0 0 0 0 0 0 1 0 0 0 0 0 0 0 
    2 2 2 2 2 2 2 2 2 2 2 0 0 0 0 1 0 0 0 0 0 0 0 1 0 0 0 1 0 0 0 0 
     2 2 2 2 2 2 2 2 2 2 0 0 0 0 0 0 0 0 0 0 0 0 0 1 0 0 0 0 0 0 0 0 
      2 2 2 2 2 2 2 2 2 0 0 0 1 0 0 0 0 0 0 0 0 0 0 0 0 0 0 0 0 0 0 0 
       2 2 2 2 2 2 2 2 0 0 1 0 1 0 0 0 0 0 0 0 1 0 0 1 0 1 0 0 0 1 0 0 
        2 2 2 2 2 2 2 0 1 0 0 0 0 0 0 0 0 0 0 0 0 0 0 0 0 0 0 0 1 0 0 0 
         2 2 2 2 2 2 1 0 0 0 0 0 0 0 0 0 0 0 0 0 0 0 0 0 0 0 0 0 0 0 0 0 
          2 2 2 2 2 0 0 0 0 1 1 1 0 0 0 0 0 1 1 0 0 0 0 0 0 0 0 0 0 0 0 0 
           2 2 2 2 0 0 0 0 1 0 0 0 0 0 0 1 0 0 0 0 0 0 0 0 0 0 0 1 0 0 0 0 
            2 2 2 0 0 0 0 0 0 0 0 0 0 0 0 0 0 0 0 0 0 0 0 0 0 0 0 0 0 0 0 1 
             2 2 0 0 0 0 0 0 0 0 0 0 0 0 0 0 0 0 0 0 0 0 0 0 1 0 0 1 0 0 0 0 
              2 0 0 0 0 0 0 1 0 0 1 0 0 0 1 0 0 0 0 0 0 0 0 0 0 0 0 0 0 0 0 0 
               1 1 0 0 0 0 0 0 0 0 0 0 0 0 0 0 0 0 0 0 1 0 0 0 0 0 0 0 0 1 0 0 
                0 0 0 0 0 0 0 1 0 0 0 0 0 0 0 0 0 0 0 0 0 0 0 0 0 0 0 1 0 0 0 2 
                 0 0 1 0 0 0 0 0 0 0 0 0 0 0 0 0 0 0 0 0 0 0 0 0 0 0 0 0 0 0 2 2 
                  0 0 0 0 0 1 0 0 0 0 0 0 0 0 0 0 0 0 0 0 0 0 0 0 0 0 0 0 0 2 2 2 
                   0 0 0 0 0 0 0 0 0 0 0 0 0 0 0 0 0 0 0 0 0 1 0 0 0 0 0 0 2 2 2 2 
                    0 0 0 0 0 0 0 0 1 0 0 0 0 0 0 0 0 0 0 1 0 0 1 0 0 0 0 2 2 2 2 2 
                     0 1 0 0 0 0 0 0 0 0 0 0 0 0 1 0 0 0 0 0 0 0 0 0 0 0 2 2 2 2 2 2 
                      0 0 0 1 0 0 0 0 0 0 0 0 0 0 0 0 0 0 0 0 0 0 0 0 0 2 2 2 2 2 2 2 
                       0 0 0 0 0 0 0 0 0 0 0 0 0 0 0 0 0 0 0 0 1 0 0 0 2 2 2 2 2 2 2 2 
                        0 0 1 0 0 0 0 0 0 0 0 0 0 0 0 0 1 0 0 0 0 0 0 2 2 2 2 2 2 2 2 2 
                         0 0 1 0 0 0 0 0 0 0 1 0 0 0 0 0 0 0 0 1 0 0 2 2 2 2 2 2 2 2 2 2 
                          0 1 0 0 0 0 0 0 0 0 0 0 0 0 0 0 0 0 0 0 0 2 2 2 2 2 2 2 2 2 2 2 
                           0 0 0 0 0 0 0 0 0 0 0 0 0 0 1 0 0 0 0 0 2 2 2 2 2 2 2 2 2 2 2 2 
                            0 1 0 0 0 0 0 0 0 0 0 0 0 0 0 0 0 0 0 2 2 2 2 2 2 2 2 2 2 2 2 2 
                             0 0 0 0 0 0 0 0 0 0 0 0 0 0 0 0 1 0 2 2 2 2 2 2 2 2 2 2 2 2 2 2 
                              0 0 0 0 1 0 0 0 0 0 0 0 0 1 0 0 1 2 2 2 2 2 2 2 2 2 2 2 2 2 2 2 
                               0 0 0 0 0 0 0 0 0 0 0 0 0 0 1 0 2 2 2 2 2 2 2 2 2 2 2 2 2 2 2 2 
(1,28) (12,16) (3,32) (11,18) (12,28) (22,2) (11,12) (8,11) (5,24) (11,19) (10,7) (18,3) (12,9) (14,28) (13,32) (7,13) (3,27) (23,4) (2,16) (8,24) (21,23) (21,20) (17,8) (9,29) (31,5) (5,28) (17,28) (8,21) (16,30) (30,17) (16,21) (32,15) (26,11) (5,16) (2,31) (26,3) (19,6) (9,9) (11,10) (8,26) (11,11) (27,2) (25,3) (8,13) (26,20) (2,24) (21,9) (16,2) (16,1) (31,17) (25,17) (6,24) (29,2) (22,15) (20,22) (28,15) (15,15) (15,11) (31,14) (8,30) (15,8) (24,21) (14,25) (4,25) 

2 2 2 2 2 2 2 2 2 2 2 2 2 2 2 0 0 0 0 0 0 0 0 0 0 0 0 1 0 0 0 0 
 2 2 2 2 2 2 2 2 2 2 2 2 2 2 0 0 0 1 0 0 0 0 0 0 0 0 0 0 0 1 0 0 
  2 2 2 2 2 2 2 2 2 2 2 2 2 0 0 0 0 0 0 0 0 0 0 0 0 0 0 0 0 0 0 1 
   2 2 2 2 2 2 2 2 2 2 2 2 0 0 0 0 0 0 1 0 0 0 0 0 1 0 0 0 0 1 0 0 
    2 2 2 2 2 2 2 2 2 2 2 0 0 0 1 0 0 0 0 0 1 0 0 0 1 0 0 0 0 1 0 0 
     2 2 2 2 2 2 2 2 2 2 0 0 0 0 1 1 0 0 0 1 0 0 0 0 0 0 0 0 0 0 0 0 
      2 2 2 2 2 2 2 2 2 0 0 0 0 0 0 0 0 0 0 0 1 0 0 0 0 0 0 0 0 0 1 0 
       2 2 2 2 2 2 2 2 0 0 1 0 0 0 0 0 0 0 0 0 0 0 0 0 0 0 0 0 0 0 0 0 
        2 2 2 2 2 2 2 1 1 0 0 0 0 0 0 0 0 0 0 0 0 0 0 0 0 0 0 0 0 0 0 0 
         2 2 2 2 2 2 0 0 0 0 0 0 0 0 0 0 0 0 0 0 1 0 0 0 0 0 0 0 0 0 0 0 
          2 2 2 2 2 0 0 0 0 0 0 0 0 0 0 0 0 0 0 1 0 0 0 1 0 0 0 0 1 1 1 0 
           2 2 2 2 0 0 0 0 0 0 0 0 0 0 0 0 0 0 0 0 0 0 1 0 0 0 0 0 0 0 0 0 
            2 2 2 0 0 0 0 0 0 0 0 0 0 0 0 0 0 0 0 0 0 0 0 0 0 0 0 0 0 1 0 0 
             2 2 0 0 0 0 0 0 0 0 0 0 0 0 0 0 1 0 1 0 0 0 0 0 0 0 1 0 0 0 0 0 
              2 0 0 0 0 0 0 1 0 1 0 0 0 0 0 0 0 0 0 1 0 0 0 0 0 1 0 0 0 0 0 0 
               0 0 0 0 0 0 0 1 0 0 0 1 0 0 0 0 0 0 1 0 0 0 0 0 0 0 0 1 0 0 0 0 
                0 0 0 0 0 0 0 0 0 0 0 0 0 0 0 0 0 0 0 0 0 0 0 0 0 0 0 0 0 1 1 2 
                 0 0 0 0 0 1 0 0 0 0 0 0 0 0 0 0 0 0 0 0 0 0 0 0 0 1 0 0 0 0 2 2 
                  0 0 0 0 0 0 0 0 0 0 1 0 0 0 0 0 0 0 0 0 0 0 0 0 0 0 0 0 0 2 2 2 
                   0 0 0 0 0 0 0 0 0 0 0 0 0 0 0 0 1 0 0 0 0 0 0 0 0 0 0 0 2 2 2 2 
                    0 0 0 0 0 0 1 0 0 0 0 0 0 0 0 0 0 0 0 0 0 0 0 0 0 0 0 2 2 2 2 2 
                     0 0 0 0 0 0 0 0 0 0 0 0 0 1 0 0 0 0 0 0 0 0 0 0 0 0 2 2 2 2 2 2 
                      0 0 0 1 0 0 0 0 0 0 0 1 0 0 1 0 1 0 0 0 0 0 0 0 0 2 2 2 2 2 2 2 
                       0 0 0 0 0 0 0 0 0 0 0 0 0 0 0 0 1 0 0 0 0 1 0 0 2 2 2 2 2 2 2 2 
                        0 0 0 0 0 0 0 0 0 0 0 0 0 0 0 0 0 0 0 1 0 0 0 2 2 2 2 2 2 2 2 2 
                         0 0 0 0 0 0 0 0 0 0 0 0 0 0 1 0 0 0 0 0 0 0 2 2 2 2 2 2 2 2 2 2 
                          1 0 0 0 0 0 0 0 0 0 0 0 0 0 0 0 0 0 0 0 0 2 2 2 2 2 2 2 2 2 2 2 
                           0 1 1 0 0 0 0 0 0 0 1 0 0 0 0 1 0 0 0 0 2 2 2 2 2 2 2 2 2 2 2 2 
                            1 0 0 0 0 0 0 0 0 0 0 0 1 0 0 0 0 0 0 2 2 2 2 2 2 2 2 2 2 2 2 2 
                             0 0 0 0 0 0 1 0 0 0 0 0 0 0 0 0 0 0 2 2 2 2 2 2 2 2 2 2 2 2 2 2 
                              0 0 0 0 0 0 0 0 0 0 0 0 0 0 1 0 0 2 2 2 2 2 2 2 2 2 2 2 2 2 2 2 
                               0 0 0 0 1 0 0 0 0 0 0 0 0 0 0 0 2 2 2 2 2 2 2 2 2 2 2 2 2 2 2 2 
(1,28) (23,15) (3,32) (5,21) (28,2) (28,3) (16,8) (30,7) (4,19) (5,30) (28,11) (17,30) (15,8) (14,17) (21,7) (11,20) (11,29) (24,22) (13,30) (11,24) (16,12) (6,15) (25,20) (14,19) (22,14) (2,18) (23,4) (32,5) (23,17) (6,16) (28,16) (20,17) (8,11) (16,19) (2,30) (14,27) (18,6) (9,9) (15,26) (5,25) (15,20) (26,15) (4,30) (7,21) (9,8) (23,12) (7,31) (29,1) (27,1) (5,15) (12,23) (29,13) (11,31) (6,20) (17,31) (24,17) (18,26) (10,21) (16,28) (31,15) (11,30) (19,11) (15,10) (4,25) 

2 2 2 2 2 2 2 2 2 2 2 2 2 2 2 1 0 0 0 0 0 0 0 0 0 0 0 0 0 0 0 0 
 2 2 2 2 2 2 2 2 2 2 2 2 2 2 0 0 1 0 0 0 0 0 0 0 1 0 0 0 0 0 0 0 
  2 2 2 2 2 2 2 2 2 2 2 2 2 0 0 0 0 0 0 0 0 0 0 0 0 0 0 0 0 0 0 1 
   2 2 2 2 2 2 2 2 2 2 2 2 1 0 0 0 0 0 0 0 0 0 0 0 0 0 0 0 0 0 1 0 
    2 2 2 2 2 2 2 2 2 2 2 0 0 0 0 1 0 0 0 0 0 0 0 0 0 0 0 0 0 0 0 0 
     2 2 2 2 2 2 2 2 2 2 0 0 0 0 0 0 1 0 0 0 0 1 0 0 0 0 0 0 1 0 0 0 
      2 2 2 2 2 2 2 2 2 0 0 1 0 0 0 0 0 0 0 0 0 0 0 0 0 0 0 0 0 0 0 0 
       2 2 2 2 2 2 2 2 0 0 0 0 0 1 0 0 1 0 0 0 0 0 0 0 0 0 0 0 0 0 1 0 
        2 2 2 2 2 2 2 0 1 0 0 0 0 1 0 0 0 0 0 1 0 0 0 0 0 0 0 0 0 0 0 0 
         2 2 2 2 2 2 1 0 0 0 0 0 0 0 0 0 0 0 0 0 0 0 0 0 0 0 0 0 0 0 0 0 
          2 2 2 2 2 0 0 0 0 0 0 0 0 0 0 0 0 0 0 0 1 0 0 0 0 0 0 0 0 0 0 0 
           2 2 2 2 0 0 0 0 0 0 0 0 0 0 0 0 0 0 0 0 0 0 0 0 0 0 0 0 0 0 1 0 
            2 2 2 1 1 0 0 0 0 0 1 0 0 0 0 0 0 0 0 0 0 0 0 0 0 0 1 0 0 0 0 0 
             2 2 0 0 0 0 0 0 0 0 0 0 0 0 0 1 0 0 0 0 0 0 0 0 0 1 1 1 1 0 0 0 
              2 0 0 0 1 0 0 1 0 0 1 0 0 0 0 0 0 0 0 0 0 0 0 0 0 0 0 0 0 1 0 0 
               0 0 0 0 0 0 0 0 0 0 0 0 0 0 0 0 0 0 0 0 1 0 0 0 0 0 0 0 0 0 0 0 
                1 0 0 0 0 0 0 0 0 0 0 0 0 0 0 0 0 0 0 0 0 0 0 0 0 0 0 0 0 0 0 2 
                 0 0 0 0 0 0 0 1 0 0 0 0 0 0 0 0 0 0 0 0 0 0 0 1 0 0 0 0 1 0 2 2 
                  0 0 0 0 0 0 0 0 0 0 0 0 0 0 0 0 0 0 0 0 0 0 1 0 0 0 0 0 0 2 2 2 
                   0 0 0 0 0 0 0 0 0 0 0 0 0 0 0 0 0 0 0 0 0 0 0 0 0 0 0 1 2 2 2 2 
                    0 0 0 0 1 0 0 0 0 0 0 0 0 0 0 0 0 0 0 0 0 0 0 0 0 0 0 2 2 2 2 2 
                     0 0 0 0 0 0 0 0 0 0 0 0 0 0 0 0 0 0 0 1 0 0 0 0 0 0 2 2 2 2 2 2 
                      0 0 0 1 0 0 0 0 0 0 1 0 1 0 0 0 0 0 0 0 0 0 0 0 0 2 2 2 2 2 2 2 
                       0 0 0 0 0 1 0 0 0 0 0 0 0 0 0 0 0 0 1 0 0 0 0 0 2 2 2 2 2 2 2 2 
                        0 0 0 0 0 0 0 0 0 0 0 1 0 0 0 0 1 0 0 0 1 0 0 2 2 2 2 2 2 2 2 2 
                         0 0 0 0 0 0 1 0 0 0 0 0 0 0 0 0 0 1 0 1 0 0 2 2 2 2 2 2 2 2 2 2 
                          0 0 1 0 0 0 0 0 0 0 0 1 0 0 1 0 0 0 0 0 0 2 2 2 2 2 2 2 2 2 2 2 
                           0 0 0 0 0 0 0 0 0 1 0 0 0 1 0 0 0 0 0 0 2 2 2 2 2 2 2 2 2 2 2 2 
                            0 1 0 0 0 0 0 0 0 0 0 0 0 0 0 0 0 0 0 2 2 2 2 2 2 2 2 2 2 2 2 2 
                             0 0 0 1 0 0 0 0 0 0 0 0 0 0 0 0 0 0 2 2 2 2 2 2 2 2 2 2 2 2 2 2 
                              0 0 0 0 0 0 0 0 0 0 0 0 1 0 0 0 0 2 2 2 2 2 2 2 2 2 2 2 2 2 2 2 
                               0 0 0 0 1 0 0 0 0 0 0 1 0 1 0 0 2 2 2 2 2 2 2 2 2 2 2 2 2 2 2 2 
(17,1) (9,20) (3,32) (15,11) (25,21) (9,14) (7,12) (8,14) (23,4) (10,7) (11,21) (12,31) (2,17) (19,23) (4,31) (28,10) (27,12) (15,8) (22,20) (26,20) (5,16) (24,19) (6,29) (14,27) (25,17) (26,7) (18,8) (18,24) (32,14) (28,14) (27,15) (20,28) (2,25) (21,5) (13,4) (31,13) (24,6) (9,9) (16,21) (14,28) (26,18) (1,16) (30,4) (13,11) (23,11) (13,5) (23,13) (27,3) (25,12) (15,5) (13,27) (15,30) (29,2) (18,29) (32,12) (6,17) (14,26) (32,5) (4,13) (8,17) (8,31) (14,29) (14,16) (6,22) 

2 2 2 2 2 2 2 2 2 2 2 2 2 2 2 0 0 0 0 0 0 0 0 0 0 0 0 1 0 0 0 0 
 2 2 2 2 2 2 2 2 2 2 2 2 2 2 0 0 0 0 0 0 0 0 0 1 0 1 0 0 0 0 0 0 
  2 2 2 2 2 2 2 2 2 2 2 2 2 0 0 0 1 0 1 0 0 0 0 0 0 0 0 0 0 0 0 1 
   2 2 2 2 2 2 2 2 2 2 2 2 0 0 0 0 1 0 0 0 0 0 0 0 1 1 0 1 0 0 0 0 
    2 2 2 2 2 2 2 2 2 2 2 0 0 0 0 0 0 0 1 0 1 0 0 0 0 0 0 0 0 0 0 0 
     2 2 2 2 2 2 2 2 2 2 0 0 0 0 0 0 0 0 0 0 0 0 0 0 1 0 0 1 0 0 1 0 
      2 2 2 2 2 2 2 2 2 0 0 0 0 0 0 0 0 0 0 0 0 0 0 0 0 0 1 0 0 0 0 0 
       2 2 2 2 2 2 2 2 0 0 0 0 0 0 0 0 0 0 0 0 0 0 0 0 0 0 0 0 0 1 0 0 
        2 2 2 2 2 2 2 1 1 0 0 0 0 0 0 0 0 1 0 0 0 0 0 0 0 0 0 0 0 0 0 0 
         2 2 2 2 2 2 1 0 0 0 0 0 0 0 0 0 0 0 0 0 0 0 0 0 0 0 0 0 0 0 0 0 
          2 2 2 2 2 0 0 1 0 0 0 0 0 0 0 0 0 0 0 0 0 0 0 0 0 0 0 0 0 0 0 0 
           2 2 2 2 0 0 0 0 0 0 0 0 0 0 0 0 0 0 0 1 0 0 0 0 0 0 0 0 0 0 0 0 
            2 2 2 0 0 1 0 0 0 0 0 0 1 0 0 0 0 0 0 0 0 0 0 0 0 0 0 0 0 0 0 0 
             2 2 0 0 0 0 0 0 0 0 0 0 0 0 0 0 0 0 0 0 0 0 0 0 0 0 0 1 0 0 0 0 
              2 1 0 0 0 0 0 0 0 1 0 0 0 0 0 0 0 0 0 0 0 0 0 0 1 0 0 0 1 1 0 0 
               1 0 0 0 0 0 1 0 0 0 0 0 0 0 1 0 0 0 1 0 0 0 0 0 0 0 1 0 0 0 0 0 
                0 1 0 0 0 0 0 0 0 0 0 0 1 0 0 0 0 1 0 0 0 0 0 0 0 0 1 0 0 0 0 2 
                 0 0 1 0 0 0 1 0 0 0 0 1 0 1 0 0 0 0 0 0 0 0 0 0 0 0 0 0 0 0 2 2 
                  0 0 0 0 0 0 0 0 0 0 0 0 0 0 0 0 0 0 0 0 0 1 0 0 0 0 0 0 0 2 2 2 
                   0 0 0 0 0 0 1 0 0 0 0 0 0 0 0 0 0 0 0 0 0 0 0 0 0 0 0 1 2 2 2 2 
                    0 0 0 0 0 0 0 0 0 1 0 0 0 0 0 0 0 0 0 0 0 0 1 0 0 0 0 2 2 2 2 2 
                     0 0 0 0 0 0 0 0 0 0 0 0 0 0 0 0 0 0 1 0 0 0 0 0 0 0 2 2 2 2 2 2 
                      0 0 0 1 0 0 0 0 0 0 0 0 0 0 0 0 0 0 0 0 0 0 0 0 0 2 2 2 2 2 2 2 
                       0 0 0 0 0 0 0 0 0 0 0 0 0 0 1 0 0 0 0 0 0 0 0 0 2 2 2 2 2 2 2 2 
                        0 0 0 0 0 0 1 0 0 0 0 0 0 0 0 0 0 0 0 0 0 0 0 2 2 2 2 2 2 2 2 2 
                         0 0 0 0 0 0 1 0 0 0 0 0 0 0 1 0 0 0 0 0 0 0 2 2 2 2 2 2 2 2 2 2 
                          0 0 1 0 0 0 0 0 0 0 0 0 0 0 1 0 0 0 0 0 0 2 2 2 2 2 2 2 2 2 2 2 
                           0 0 0 0 0 0 0 0 0 0 0 0 0 1 0 0 0 0 0 0 2 2 2 2 2 2 2 2 2 2 2 2 
                            0 1 0 0 0 0 0 0 0 0 0 0 0 0 0 0 0 0 0 2 2 2 2 2 2 2 2 2 2 2 2 2 
                             0 0 0 0 0 0 0 0 0 0 0 0 0 0 0 1 0 0 2 2 2 2 2 2 2 2 2 2 2 2 2 2 
                              0 0 0 0 1 0 0 0 0 0 1 0 0 1 0 0 0 2 2 2 2 2 2 2 2 2 2 2 2 2 2 2 
                               0 0 0 0 0 0 0 0 0 0 0 0 0 0 1 0 2 2 2 2 2 2 2 2 2 2 2 2 2 2 2 2 
(1,28) (4,26) (16,27) (4,17) (20,7) (16,15) (18,3) (3,19) (9,8) (10,7) (18,7) (15,29) (7,27) (11,8) (16,19) (17,13) (17,27) (28,14) (19,22) (20,28) (4,28) (5,21) (9,18) (25,7) (16,1) (26,7) (14,28) (16,7) (15,2) (30,16) (31,11) (32,15) (22,19) (26,15) (6,25) (31,5) (13,6) (9,9) (15,10) (17,18) (2,26) (24,15) (17,2) (3,17) (13,13) (2,24) (23,4) (27,3) (21,10) (6,28) (6,31) (15,30) (3,32) (27,15) (15,25) (12,20) (31,14) (18,12) (18,14) (8,30) (5,19) (21,23) (29,2) (4,25) 

2 2 2 2 2 2 2 2 2 2 2 2 2 2 2 0 0 0 0 0 0 0 0 0 0 0 0 0 0 1 0 0 
 2 2 2 2 2 2 2 2 2 2 2 2 2 2 0 0 0 0 0 0 0 0 0 0 0 1 0 0 0 0 0 0 
  2 2 2 2 2 2 2 2 2 2 2 2 2 0 0 0 0 0 0 0 0 0 0 0 0 0 0 0 0 0 0 1 
   2 2 2 2 2 2 2 2 2 2 2 2 0 1 0 0 0 0 0 0 0 0 0 0 1 0 0 0 0 0 0 1 
    2 2 2 2 2 2 2 2 2 2 2 0 0 1 0 0 0 0 0 0 0 0 0 0 0 0 0 0 0 0 0 0 
     2 2 2 2 2 2 2 2 2 2 0 0 0 0 0 0 0 0 1 0 0 0 0 0 0 0 1 0 0 0 0 0 
      2 2 2 2 2 2 2 2 2 0 0 1 0 0 0 0 0 0 0 0 0 0 0 0 0 0 1 0 0 0 0 0 
       2 2 2 2 2 2 2 2 0 0 0 1 0 0 0 0 1 0 0 0 0 0 0 1 0 0 0 0 1 0 0 0 
        2 2 2 2 2 2 2 1 0 0 0 0 0 0 0 0 0 1 0 0 0 0 0 0 1 0 0 0 0 0 0 0 
         2 2 2 2 2 2 0 0 0 0 0 0 0 0 0 0 0 0 0 0 0 0 0 0 0 0 0 0 0 1 0 0 
          2 2 2 2 2 0 0 1 0 1 0 0 0 0 0 0 0 0 0 0 0 0 0 0 0 0 0 0 0 0 0 0 
           2 2 2 2 0 0 0 0 0 1 0 1 0 0 0 0 0 0 0 0 0 0 0 0 0 0 1 0 0 0 0 0 
            2 2 2 0 0 0 0 0 0 0 0 0 0 0 0 0 0 0 0 0 0 0 0 0 1 0 1 0 0 0 0 0 
             2 2 0 0 0 1 0 0 0 1 0 1 0 0 0 0 0 0 0 0 0 1 0 0 0 0 0 0 0 0 1 0 
              2 0 0 0 0 0 0 0 0 0 0 0 0 0 0 0 0 0 0 0 0 0 0 0 0 0 0 1 0 0 0 0 
               1 0 0 0 0 0 0 0 0 0 0 0 0 0 0 0 0 0 0 0 0 0 0 0 0 0 0 0 0 0 0 0 
                0 0 0 0 0 0 0 0 0 1 0 0 0 0 0 0 0 0 0 0 0 0 0 0 0 0 0 0 0 0 0 2 
                 0 0 0 0 0 0 0 0 0 0 0 0 0 0 1 0 0 0 0 0 0 0 0 0 0 0 0 0 0 0 2 2 
                  0 0 0 1 1 0 0 0 0 0 0 0 0 0 1 0 0 0 0 0 0 0 0 0 0 0 0 0 0 2 2 2 
                   0 0 0 0 0 0 0 0 0 0 0 0 0 0 0 0 0 0 0 0 0 0 1 0 0 0 0 0 2 2 2 2 
                    0 0 0 0 0 0 0 0 0 0 0 0 0 0 0 0 1 0 0 0 0 0 0 0 0 0 0 2 2 2 2 2 
                     0 0 1 0 0 0 0 0 0 0 0 0 0 0 0 0 0 0 0 0 0 0 0 0 0 0 2 2 2 2 2 2 
                      0 1 0 0 0 0 0 0 0 0 0 0 0 0 0 0 0 0 0 1 0 0 0 0 0 2 2 2 2 2 2 2 
                       0 0 0 0 0 0 0 0 0 0 0 0 0 1 0 0 0 0 0 0 1 0 0 0 2 2 2 2 2 2 2 2 
                        0 0 0 0 0 0 0 0 0 0 0 0 0 0 0 0 0 0 0 1 0 0 0 2 2 2 2 2 2 2 2 2 
                         0 0 0 0 0 0 0 0 0 0 0 0 0 0 0 0 0 1 0 0 0 0 2 2 2 2 2 2 2 2 2 2 
                          0 0 1 0 1 0 0 0 0 0 0 0 1 0 0 0 0 0 0 0 0 2 2 2 2 2 2 2 2 2 2 2 
                           0 0 0 0 0 0 1 1 0 1 0 0 1 1 0 0 1 0 0 0 2 2 2 2 2 2 2 2 2 2 2 2 
                            0 0 0 0 0 1 0 0 0 0 0 0 0 0 0 0 0 0 0 2 2 2 2 2 2 2 2 2 2 2 2 2 
                             0 0 0 0 0 0 0 0 0 0 0 1 0 0 0 1 0 1 2 2 2 2 2 2 2 2 2 2 2 2 2 2 
                              0 0 0 0 1 0 0 0 1 0 1 0 0 0 0 0 0 2 2 2 2 2 2 2 2 2 2 2 2 2 2 2 
                               0 0 0 0 0 0 0 0 0 0 0 0 0 0 1 0 2 2 2 2 2 2 2 2 2 2 2 2 2 2 2 2 
(1,30) (8,17) (3,32) (20,23) (29,6) (5,14) (14,31) (24,14) (14,6) (13,27) (31,5) (12,27) (19,15) (22,3) (13,25) (9,25) (21,17) (24,21) (4,32) (27,13) (9,8) (27,5) (11,10) (25,20) (14,12) (28,13) (19,4) (28,14) (11,8) (19,5) (31,11) (18,15) (9,18) (32,15) (26,18) (17,10) (6,19) (14,10) (8,12) (30,16) (2,26) (8,29) (30,12) (16,1) (12,10) (28,17) (31,9) (27,3) (23,2) (7,27) (28,8) (12,12) (30,18) (4,14) (10,30) (7,12) (14,22) (15,28) (28,10) (6,27) (28,7) (23,20) (8,24) (4,25) 

2 2 2 2 2 2 2 2 2 2 2 2 2 2 2 0 0 0 0 0 0 0 0 0 0 1 1 0 0 0 0 0 
 2 2 2 2 2 2 2 2 2 2 2 2 2 2 0 1 0 0 0 0 1 0 1 0 0 0 0 0 0 0 0 0 
  2 2 2 2 2 2 2 2 2 2 2 2 2 0 0 1 1 0 0 0 1 0 0 0 0 0 0 0 0 1 1 0 
   2 2 2 2 2 2 2 2 2 2 2 2 0 0 0 0 0 1 0 0 0 0 0 0 0 0 0 0 0 0 0 0 
    2 2 2 2 2 2 2 2 2 2 2 0 0 0 0 0 0 0 0 0 0 0 0 0 0 0 0 1 0 0 0 0 
     2 2 2 2 2 2 2 2 2 2 1 0 0 0 0 0 0 0 0 0 0 0 0 0 0 0 0 0 0 0 1 0 
      2 2 2 2 2 2 2 2 2 0 1 0 0 0 0 0 0 0 0 1 0 0 0 0 0 0 0 0 0 0 0 0 
       2 2 2 2 2 2 2 2 0 0 0 0 0 0 0 0 0 0 0 0 0 0 0 1 0 0 0 0 0 0 0 0 
        2 2 2 2 2 2 2 0 0 0 0 0 0 0 0 0 0 0 0 0 0 0 0 0 0 0 0 0 0 0 1 0 
         2 2 2 2 2 2 0 1 0 0 0 0 0 0 0 0 0 0 0 0 0 0 0 0 0 0 0 0 0 0 0 0 
          2 2 2 2 2 0 0 0 0 0 0 0 0 0 0 1 0 0 0 0 0 0 0 0 0 0 0 0 0 0 0 0 
           2 2 2 2 0 0 0 0 0 0 0 0 0 0 0 0 0 0 0 0 0 0 0 0 0 0 0 0 0 0 1 0 
            2 2 2 0 0 1 0 0 0 0 0 0 1 1 0 1 0 0 0 0 0 0 0 0 0 0 1 0 0 0 0 0 
             2 2 0 0 0 0 0 0 0 0 0 0 0 0 0 0 0 0 0 0 0 0 0 0 0 0 0 0 0 0 0 1 
              2 0 0 0 0 0 0 0 0 0 0 0 0 0 0 0 0 1 0 0 0 0 0 0 0 0 0 0 1 0 0 0 
               0 1 0 0 0 0 0 0 0 0 0 0 0 0 0 0 0 0 0 0 0 0 0 0 0 0 0 0 0 0 0 0 
                0 0 1 0 0 0 0 0 0 0 0 0 0 0 0 0 0 1 0 0 0 0 0 0 0 0 0 0 0 0 0 2 
                 0 0 1 0 0 0 0 0 0 0 0 0 0 0 0 0 0 0 0 0 0 1 0 0 0 0 0 0 0 0 2 2 
                  0 0 0 0 0 0 0 0 0 0 0 0 0 0 0 0 0 0 1 0 0 0 0 0 0 0 0 0 0 2 2 2 
                   1 0 0 0 0 0 0 0 0 0 0 0 0 0 0 0 0 0 0 0 0 0 0 0 0 0 0 0 2 2 2 2 
                    0 0 0 0 0 0 0 1 0 0 0 1 0 0 0 0 0 0 0 0 1 1 0 0 1 0 0 2 2 2 2 2 
                     0 0 0 0 0 0 0 0 0 0 0 0 0 1 0 0 1 0 0 1 0 0 0 0 0 0 2 2 2 2 2 2 
                      0 0 0 0 0 0 0 0 0 1 0 0 0 0 0 0 0 1 0 0 0 0 0 0 0 2 2 2 2 2 2 2 
                       0 0 0 0 0 0 0 0 1 1 0 0 0 0 0 0 0 0 0 1 0 0 0 0 2 2 2 2 2 2 2 2 
                        0 0 0 0 0 0 0 0 0 0 0 0 0 0 0 0 0 0 0 1 0 0 0 2 2 2 2 2 2 2 2 2 
                         0 0 0 0 1 0 1 1 0 0 0 0 0 0 1 0 0 0 0 0 0 0 2 2 2 2 2 2 2 2 2 2 
                          0 0 0 0 0 0 0 0 0 0 0 0 0 0 0 0 0 0 1 0 0 2 2 2 2 2 2 2 2 2 2 2 
                           0 0 0 0 0 0 0 0 0 1 0 0 0 0 0 0 0 0 0 0 2 2 2 2 2 2 2 2 2 2 2 2 
                            1 0 0 1 0 0 0 1 0 0 0 0 0 1 0 0 0 0 0 2 2 2 2 2 2 2 2 2 2 2 2 2 
                             0 0 0 0 0 0 0 0 0 0 0 1 0 0 0 0 0 0 2 2 2 2 2 2 2 2 2 2 2 2 2 2 
                              0 0 0 0 0 0 0 0 0 0 0 0 0 0 0 1 0 2 2 2 2 2 2 2 2 2 2 2 2 2 2 2 
                               0 0 0 0 0 0 0 0 0 1 0 0 0 0 0 1 2 2 2 2 2 2 2 2 2 2 2 2 2 2 2 2 
(3,16) (26,15) (26,8) (7,11) (32,16) (21,25) (1,27) (6,31) (4,18) (17,18) (21,12) (29,1) (21,22) (29,14) (13,27) (16,2) (31,16) (23,10) (29,8) (11,16) (21,8) (6,11) (2,23) (13,13) (26,7) (15,29) (8,24) (27,19) (32,10) (12,31) (7,20) (18,22) (20,1) (3,21) (22,20) (28,10) (25,20) (26,5) (24,9) (23,18) (1,26) (22,14) (5,28) (14,32) (21,21) (24,20) (13,16) (13,14) (24,10) (17,3) (22,17) (2,21) (13,6) (3,17) (15,18) (3,31) (29,4) (2,16) (19,19) (10,8) (18,3) (30,12) (3,30) (9,31) 

2 2 2 2 2 2 2 2 2 2 2 2 2 2 2 1 0 0 0 0 0 0 0 0 0 0 0 0 0 0 0 0 
 2 2 2 2 2 2 2 2 2 2 2 2 2 2 0 0 0 0 0 0 0 0 0 1 0 0 1 1 0 0 0 0 
  2 2 2 2 2 2 2 2 2 2 2 2 2 0 0 0 1 0 0 0 0 0 0 0 0 0 0 0 0 0 0 0 
   2 2 2 2 2 2 2 2 2 2 2 2 0 0 0 0 0 0 0 0 0 0 0 0 1 0 0 0 0 0 0 0 
    2 2 2 2 2 2 2 2 2 2 2 0 0 0 0 0 1 0 0 0 0 0 0 0 0 0 0 0 0 0 0 0 
     2 2 2 2 2 2 2 2 2 2 0 0 0 0 0 0 0 0 0 0 0 1 0 0 0 0 0 0 0 0 0 0 
      2 2 2 2 2 2 2 2 2 1 0 1 0 0 0 0 0 0 0 0 0 0 0 0 0 0 0 0 0 0 0 0 
       2 2 2 2 2 2 2 2 0 0 0 0 0 1 0 0 0 0 0 0 0 0 0 0 0 0 0 0 0 0 0 0 
        2 2 2 2 2 2 2 0 0 0 0 0 0 1 0 0 0 0 1 1 0 0 0 0 0 0 0 0 1 1 1 0 
         2 2 2 2 2 2 1 0 0 0 0 0 0 1 0 0 1 0 0 0 0 0 0 0 0 0 0 0 0 0 0 0 
          2 2 2 2 2 0 0 0 0 0 0 0 0 0 0 0 0 0 0 0 0 0 0 0 0 0 1 0 0 0 0 0 
           2 2 2 2 0 0 0 0 0 0 1 0 0 1 0 0 0 0 0 0 0 0 0 0 0 0 0 0 0 0 0 1 
            2 2 2 0 0 0 0 0 0 0 0 0 0 0 0 0 0 0 0 0 0 0 0 0 0 0 1 0 0 0 0 0 
             2 2 0 0 0 0 0 0 0 0 0 0 0 0 0 0 0 0 0 0 0 0 1 0 0 1 0 0 0 0 0 0 
              2 0 0 0 0 0 0 0 0 0 0 0 0 0 0 1 0 0 0 0 0 0 0 0 0 1 0 1 0 0 0 0 
               0 1 1 0 1 0 1 0 0 0 0 0 0 0 0 0 0 0 0 0 0 0 0 0 0 0 0 0 0 0 0 0 
                0 0 0 0 0 0 0 1 0 0 0 0 0 0 0 0 0 0 0 1 0 0 0 0 0 0 0 0 0 0 0 2 
                 0 0 0 0 0 0 0 0 0 1 0 0 1 0 0 0 0 0 0 0 0 0 0 0 0 0 0 1 0 0 2 2 
                  0 0 0 0 0 0 0 0 0 0 0 0 0 0 0 0 0 0 0 0 0 0 0 0 0 1 0 0 0 2 2 2 
                   0 0 0 0 0 1 0 0 0 0 0 0 0 0 0 0 0 0 0 0 0 0 0 0 0 0 0 0 2 2 2 2 
                    0 0 0 0 0 0 1 0 0 0 0 0 1 0 0 0 0 0 0 1 0 0 0 0 0 0 1 2 2 2 2 2 
                     0 0 0 0 0 1 0 0 0 0 0 0 0 0 0 0 0 0 0 0 1 0 0 0 0 0 2 2 2 2 2 2 
                      0 0 0 0 0 0 0 0 0 0 0 1 0 0 0 0 0 0 0 0 0 0 0 0 0 2 2 2 2 2 2 2 
                       0 0 0 0 0 0 0 0 1 0 0 0 0 0 0 0 0 0 0 0 0 0 0 0 2 2 2 2 2 2 2 2 
                        1 0 0 0 0 0 1 0 0 0 0 1 0 0 0 0 0 0 0 0 0 0 1 2 2 2 2 2 2 2 2 2 
                         0 0 0 0 0 0 0 0 0 0 0 0 0 1 1 0 0 0 0 0 0 0 2 2 2 2 2 2 2 2 2 2 
                          0 0 0 0 0 0 0 0 0 0 0 0 0 0 1 0 0 1 0 0 0 2 2 2 2 2 2 2 2 2 2 2 
                           0 0 0 0 0 1 0 0 0 0 0 0 0 0 0 0 0 0 0 0 2 2 2 2 2 2 2 2 2 2 2 2 
                            0 1 0 0 0 0 0 0 0 0 0 0 0 0 0 0 0 0 0 2 2 2 2 2 2 2 2 2 2 2 2 2 
                             0 0 0 1 0 0 0 0 0 0 0 0 0 0 0 0 0 0 2 2 2 2 2 2 2 2 2 2 2 2 2 2 
                              0 0 0 0 1 0 0 0 0 0 0 1 0 0 0 0 1 2 2 2 2 2 2 2 2 2 2 2 2 2 2 2 
                               0 0 0 0 0 0 0 0 0 0 0 0 0 0 1 0 2 2 2 2 2 2 2 2 2 2 2 2 2 2 2 2 
(15,26) (13,27) (6,22) (25,1) (21,7) (14,23) (7,12) (9,19) (22,6) (4,25) (9,29) (10,14) (2,24) (16,3) (25,23) (9,30) (20,6) (12,14) (11,27) (9,20) (25,7) (14,26) (16,2) (24,9) (31,12) (31,17) (9,14) (18,28) (16,7) (17,20) (30,4) (15,16) (27,15) (29,2) (7,10) (31,5) (25,12) (21,20) (16,5) (8,14) (27,18) (18,10) (26,15) (3,17) (17,8) (23,12) (28,6) (26,14) (10,17) (2,27) (32,15) (10,7) (21,13) (21,27) (1,16) (9,31) (19,26) (12,32) (12,11) (15,28) (5,17) (2,28) (22,21) (18,13) 

2 2 2 2 2 2 2 2 2 2 2 2 2 2 2 0 0 0 0 0 0 0 0 0 0 1 0 0 0 0 0 0 
 2 2 2 2 2 2 2 2 2 2 2 2 2 2 0 0 0 0 0 0 0 0 0 0 0 1 0 0 0 0 0 0 
  2 2 2 2 2 2 2 2 2 2 2 2 2 0 0 0 0 0 0 0 0 0 0 0 0 0 1 0 0 0 0 0 
   2 2 2 2 2 2 2 2 2 2 2 2 1 0 1 0 0 0 0 0 0 0 0 0 0 0 0 1 1 0 0 0 
    2 2 2 2 2 2 2 2 2 2 2 0 0 0 0 0 0 0 0 0 0 0 0 0 1 1 0 0 0 0 0 1 
     2 2 2 2 2 2 2 2 2 2 0 0 0 0 1 0 0 0 0 0 0 0 0 1 1 0 0 0 0 0 0 0 
      2 2 2 2 2 2 2 2 2 0 0 0 0 0 0 0 0 0 0 0 0 0 1 0 0 0 0 0 0 0 0 0 
       2 2 2 2 2 2 2 2 0 0 0 0 0 0 0 1 0 0 1 0 0 0 0 0 0 0 0 0 0 0 0 0 
        2 2 2 2 2 2 2 0 0 0 0 0 1 0 1 0 0 0 0 0 0 0 1 0 0 0 0 0 0 0 0 1 
         2 2 2 2 2 2 0 1 0 1 1 0 0 0 0 0 0 0 1 0 0 0 0 0 0 0 0 0 0 0 0 0 
          2 2 2 2 2 0 0 0 0 0 0 0 0 0 1 0 0 0 0 0 1 0 0 0 0 0 0 0 0 1 0 0 
           2 2 2 2 0 1 0 0 0 0 0 0 0 0 0 0 0 0 0 0 0 0 0 0 0 0 0 0 0 0 0 0 
            2 2 2 0 0 0 0 0 0 0 1 0 0 0 0 0 0 0 0 0 0 0 0 0 0 0 0 0 0 0 0 0 
             2 2 0 0 0 0 0 0 0 0 0 0 0 0 0 0 0 0 0 0 0 0 0 0 0 0 0 0 0 0 0 1 
              2 0 0 0 0 0 0 0 0 0 0 0 0 0 1 0 1 0 0 0 0 0 0 0 0 0 0 0 0 0 1 0 
               0 0 0 0 0 0 0 1 0 0 0 0 0 0 0 0 0 0 1 0 0 0 0 0 0 1 0 0 0 0 1 0 
                0 0 0 0 0 0 0 1 0 0 0 0 0 0 0 0 0 0 0 0 0 0 0 0 0 0 0 0 0 0 0 2 
                 1 0 0 0 0 0 0 0 0 0 0 0 0 0 0 0 0 0 0 0 0 0 0 0 0 0 0 0 0 0 2 2 
                  0 0 0 0 0 0 0 0 1 0 0 0 0 0 0 0 0 0 0 1 0 0 0 0 0 0 0 0 0 2 2 2 
                   0 0 1 0 0 0 0 0 0 0 0 0 0 0 0 0 0 0 0 0 0 0 0 0 0 0 0 0 2 2 2 2 
                    1 0 0 0 0 0 0 0 0 0 0 0 0 0 0 0 0 0 0 0 0 0 0 0 0 0 0 2 2 2 2 2 
                     0 0 0 0 0 0 0 1 0 0 0 0 0 0 0 0 0 0 1 0 0 0 0 0 0 0 2 2 2 2 2 2 
                      0 0 0 0 0 0 1 0 0 0 0 0 0 0 1 0 0 0 1 0 1 0 0 0 0 2 2 2 2 2 2 2 
                       0 0 0 1 0 0 1 0 0 0 0 1 0 0 0 0 0 0 0 0 0 0 0 0 2 2 2 2 2 2 2 2 
                        0 0 0 0 0 0 0 0 0 0 0 0 0 0 0 0 0 0 0 0 0 1 0 2 2 2 2 2 2 2 2 2 
                         1 0 0 0 0 0 0 0 0 1 0 0 0 0 0 0 0 0 0 0 0 0 2 2 2 2 2 2 2 2 2 2 
                          0 0 0 0 0 0 0 0 0 0 0 0 0 0 0 0 0 1 0 0 0 2 2 2 2 2 2 2 2 2 2 2 
                           0 0 0 0 0 0 0 0 0 0 0 0 0 0 0 0 0 0 0 1 2 2 2 2 2 2 2 2 2 2 2 2 
                            0 0 0 0 0 0 0 0 0 0 1 0 0 1 0 0 0 1 0 2 2 2 2 2 2 2 2 2 2 2 2 2 
                             0 0 0 0 0 0 1 0 0 0 0 0 0 0 0 0 0 0 2 2 2 2 2 2 2 2 2 2 2 2 2 2 
                              0 0 0 0 0 0 0 0 0 1 0 0 0 0 0 0 0 2 2 2 2 2 2 2 2 2 2 2 2 2 2 2 
                               0 1 0 0 1 0 0 0 0 0 0 0 0 0 0 0 2 2 2 2 2 2 2 2 2 2 2 2 2 2 2 2 
(15,15) (6,24) (29,18) (26,1) (7,23) (16,26) (10,10) (22,19) (10,19) (18,1) (30,7) (26,10) (24,4) (11,30) (21,1) (27,18) (11,21) (22,8) (24,12) (13,11) (4,29) (17,8) (2,26) (31,10) (4,28) (15,17) (25,22) (20,3) (6,15) (16,19) (29,14) (32,5) (8,19) (10,11) (29,11) (10,8) (28,20) (4,15) (24,7) (19,20) (11,15) (3,27) (1,26) (8,16) (15,31) (23,21) (19,9) (9,23) (4,13) (23,15) (5,25) (12,6) (6,25) (9,13) (16,31) (5,26) (5,32) (9,32) (23,7) (32,2) (16,8) (14,32) (23,19) (9,15) 

2 2 2 2 2 2 2 2 2 2 2 2 2 2 2 0 0 0 0 0 1 0 0 0 0 0 0 0 0 0 0 0 
 2 2 2 2 2 2 2 2 2 2 2 2 2 2 0 0 0 0 0 0 0 0 0 0 0 1 0 0 0 0 0 1 
  2 2 2 2 2 2 2 2 2 2 2 2 2 0 0 0 0 0 1 0 0 0 0 1 0 0 0 0 0 0 0 0 
   2 2 2 2 2 2 2 2 2 2 2 2 0 0 0 0 0 0 0 0 0 0 0 0 0 0 0 0 1 0 0 0 
    2 2 2 2 2 2 2 2 2 2 2 0 0 0 0 0 1 0 0 0 0 0 0 0 0 0 0 0 0 0 0 0 
     2 2 2 2 2 2 2 2 2 2 0 0 0 0 0 0 1 1 0 0 0 0 0 1 0 0 0 0 0 0 0 1 
      2 2 2 2 2 2 2 2 2 0 0 0 0 0 0 0 0 0 1 0 0 0 0 0 0 0 0 0 0 0 0 0 
       2 2 2 2 2 2 2 2 0 0 0 0 1 0 1 0 0 1 0 0 0 0 0 0 0 0 0 0 0 1 1 0 
        2 2 2 2 2 2 2 0 0 0 0 0 0 0 0 0 0 0 1 0 0 1 0 0 1 0 0 0 0 0 0 0 
         2 2 2 2 2 2 0 0 0 0 0 1 0 0 0 0 0 0 0 0 0 0 0 0 0 0 0 0 0 0 0 0 
          2 2 2 2 2 0 0 0 1 0 0 0 0 0 0 0 1 0 0 1 0 0 0 0 0 0 0 0 0 0 0 0 
           2 2 2 2 0 1 0 0 0 0 0 0 0 0 0 0 0 0 0 0 0 0 0 0 0 0 0 0 0 0 0 0 
            2 2 2 0 0 0 0 0 1 0 0 0 0 0 0 0 0 0 0 0 0 0 0 0 0 0 0 0 0 0 0 0 
             2 2 0 0 0 0 0 0 0 0 0 0 0 0 1 0 0 0 0 0 0 0 0 0 0 0 0 1 1 0 0 0 
              2 0 0 1 0 1 0 0 0 1 1 0 0 0 0 0 0 0 0 0 0 0 0 0 0 0 0 0 0 0 0 1 
               1 0 0 0 0 0 0 0 0 0 0 0 0 0 0 0 0 0 0 0 0 0 0 0 0 0 0 0 0 0 0 0 
                0 0 0 0 0 0 0 0 0 0 0 0 0 0 1 0 0 0 0 0 0 0 0 0 0 0 0 0 0 0 0 2 
                 0 0 0 0 1 0 0 0 0 0 0 0 0 0 0 0 0 0 0 0 0 0 0 0 0 0 0 0 0 0 2 2 
                  0 0 0 0 0 1 0 0 0 0 1 0 0 0 0 0 0 0 1 0 0 0 0 0 0 0 0 0 0 2 2 2 
                   0 0 0 0 0 0 0 0 0 1 0 0 0 0 0 0 0 0 0 0 0 0 0 0 0 0 0 0 2 2 2 2 
                    0 0 0 0 0 0 0 0 0 0 0 0 0 0 0 0 0 0 1 0 0 0 0 1 0 0 1 2 2 2 2 2 
                     0 0 0 0 0 0 0 0 1 0 0 0 0 0 0 0 0 0 0 0 0 0 0 0 0 0 2 2 2 2 2 2 
                      0 0 0 0 0 0 0 1 0 0 0 0 0 0 0 1 0 0 0 0 0 0 0 0 0 2 2 2 2 2 2 2 
                       0 0 0 0 0 0 0 0 1 0 0 0 0 0 0 0 0 0 0 0 0 0 1 0 2 2 2 2 2 2 2 2 
                        0 0 0 0 0 0 0 0 0 0 0 0 1 0 0 0 0 0 0 1 0 0 0 2 2 2 2 2 2 2 2 2 
                         0 0 0 0 0 0 1 0 0 0 0 0 0 1 1 0 0 0 0 0 0 0 2 2 2 2 2 2 2 2 2 2 
                          0 0 1 0 0 0 0 0 0 0 0 0 0 0 0 0 0 0 0 0 0 2 2 2 2 2 2 2 2 2 2 2 
                           0 0 0 0 0 0 1 0 0 0 0 0 0 0 0 0 0 0 0 0 2 2 2 2 2 2 2 2 2 2 2 2 
                            0 1 0 0 0 0 0 0 0 0 0 0 0 0 1 0 0 1 0 2 2 2 2 2 2 2 2 2 2 2 2 2 
                             0 0 0 0 0 0 0 0 0 0 0 0 0 0 0 1 0 0 2 2 2 2 2 2 2 2 2 2 2 2 2 2 
                              0 0 0 0 1 1 0 0 0 0 0 0 0 0 1 0 0 2 2 2 2 2 2 2 2 2 2 2 2 2 2 2 
                               0 0 0 0 0 0 0 0 0 0 0 0 0 0 1 0 2 2 2 2 2 2 2 2 2 2 2 2 2 2 2 2 
(12,6) (24,23) (31,6) (6,17) (20,10) (11,17) (11,9) (15,4) (14,28) (2,26) (26,15) (21,24) (8,30) (6,18) (2,32) (22,9) (1,21) (9,19) (31,15) (4,29) (29,15) (19,19) (25,13) (19,6) (21,27) (31,5) (15,6) (29,18) (5,17) (18,5) (6,32) (6,24) (16,1) (13,9) (8,18) (14,15) (9,25) (23,16) (26,14) (26,7) (8,13) (14,29) (15,11) (28,7) (3,19) (7,19) (21,19) (27,3) (3,24) (15,32) (8,31) (9,22) (29,2) (17,15) (10,12) (23,8) (15,10) (8,15) (32,15) (11,20) (24,9) (30,16) (25,20) (19,11) 

