2 2 2 2 2 2 2 2 2 2 2 2 2 2 2 1 0 0 0 0 0 0 0 0 0 0 0 0 0 0 1 0 
 2 2 2 2 2 2 2 2 2 2 2 2 2 2 0 0 0 0 0 0 0 0 0 0 0 1 0 0 0 0 0 0 
  2 2 2 2 2 2 2 2 2 2 2 2 2 0 0 0 0 0 0 0 0 0 0 0 0 0 0 0 1 0 0 0 
   2 2 2 2 2 2 2 2 2 2 2 2 1 0 0 0 0 1 0 0 1 0 0 0 0 0 0 0 0 0 0 0 
    2 2 2 2 2 2 2 2 2 2 2 1 0 0 0 0 0 0 0 0 0 0 0 0 0 0 0 0 0 0 1 0 
     2 2 2 2 2 2 2 2 2 2 0 0 0 0 0 0 1 0 0 0 0 0 0 0 0 0 0 0 0 1 0 0 
      2 2 2 2 2 2 2 2 2 1 0 0 0 0 0 0 0 0 0 0 0 0 0 0 0 0 0 0 0 0 0 0 
       2 2 2 2 2 2 2 2 0 0 0 1 0 0 0 0 0 0 0 1 0 0 0 0 1 0 0 0 0 0 0 0 
        2 2 2 2 2 2 2 0 0 0 0 0 0 0 0 0 0 1 0 0 0 0 0 0 0 0 0 0 0 0 0 0 
         2 2 2 2 2 2 0 0 0 0 0 0 0 0 0 0 0 0 0 0 0 0 0 0 0 0 0 0 1 0 0 0 
          2 2 2 2 2 0 0 1 0 0 0 0 0 0 0 0 0 0 0 0 1 0 0 0 0 0 0 0 0 0 0 0 
           2 2 2 2 0 1 0 0 0 0 0 1 0 0 0 0 0 0 0 0 0 0 1 0 0 0 0 0 0 1 0 0 
            2 2 2 0 0 0 0 0 0 0 0 0 0 0 0 1 0 0 0 0 1 0 0 0 0 0 0 0 0 1 0 0 
             2 2 0 0 0 0 0 0 0 0 0 0 0 0 0 0 0 0 0 0 0 0 0 0 0 0 0 0 0 0 0 1 
              2 0 0 0 0 1 0 0 0 0 0 0 0 0 0 0 0 1 0 1 0 0 0 0 0 0 0 0 0 0 0 0 
               0 0 0 0 0 0 0 0 0 0 0 0 0 0 0 0 0 0 0 0 0 0 0 0 0 0 0 0 0 0 1 0 
                0 0 0 0 0 0 0 0 0 0 0 1 0 0 0 0 0 0 0 0 0 0 0 0 0 0 0 0 0 0 0 2 
                 0 0 0 0 0 0 0 0 0 0 0 0 0 0 0 0 0 0 0 0 0 0 0 0 0 0 0 1 0 0 2 2 
                  0 0 0 0 0 0 0 0 0 0 0 1 0 0 0 0 0 0 0 0 0 0 0 0 0 1 1 0 0 2 2 2 
                   0 0 1 0 0 0 0 0 0 0 0 0 0 0 0 0 0 0 0 0 0 0 0 0 0 0 0 0 2 2 2 2 
                    0 0 0 0 1 0 0 0 0 0 0 0 0 0 0 0 0 0 0 0 0 0 0 0 0 0 0 2 2 2 2 2 
                     0 0 0 0 0 0 0 0 0 1 0 0 0 1 0 0 0 0 0 0 0 0 0 0 0 0 2 2 2 2 2 2 
                      0 0 0 0 1 0 1 0 0 0 0 0 0 0 1 0 0 0 0 0 0 1 1 1 0 2 2 2 2 2 2 2 
                       0 0 0 0 0 0 0 0 0 0 0 0 0 0 0 1 0 0 0 0 0 0 0 0 2 2 2 2 2 2 2 2 
                        0 1 0 1 1 0 0 0 0 0 0 0 0 0 0 0 0 0 1 0 0 0 0 2 2 2 2 2 2 2 2 2 
                         0 0 0 0 1 0 0 0 0 0 0 0 0 0 0 0 0 0 0 0 0 0 2 2 2 2 2 2 2 2 2 2 
                          0 0 0 0 0 0 0 0 0 0 0 0 0 0 0 0 0 1 0 0 1 2 2 2 2 2 2 2 2 2 2 2 
                           0 0 0 0 0 0 0 0 1 0 0 0 0 0 0 0 0 0 0 0 2 2 2 2 2 2 2 2 2 2 2 2 
                            0 0 0 0 0 0 0 0 0 0 0 0 0 0 0 1 0 0 0 2 2 2 2 2 2 2 2 2 2 2 2 2 
                             0 1 0 0 0 0 0 0 0 0 0 0 0 0 0 0 0 0 2 2 2 2 2 2 2 2 2 2 2 2 2 2 
                              0 0 0 1 0 0 0 0 0 1 0 0 0 1 0 0 0 2 2 2 2 2 2 2 2 2 2 2 2 2 2 2 
                               1 1 0 0 0 0 0 0 0 0 1 0 0 1 0 0 2 2 2 2 2 2 2 2 2 2 2 2 2 2 2 2 
(23,5) (19,26) (26,5) (19,12) (27,21) (11,8) (8,20) (23,23) (31,14) (3,29) (23,22) (30,2) (32,11) (13,16) (31,4) (1,31) (4,21) (27,18) (22,14) (22,10) (7,10) (17,12) (23,15) (19,27) (5,12) (4,13) (12,23) (28,9) (29,16) (32,14) (31,10) (25,2) (1,16) (10,29) (12,6) (18,28) (9,18) (25,4) (12,12) (5,31) (32,2) (25,5) (4,18) (8,12) (15,18) (15,6) (12,30) (20,3) (6,17) (23,7) (23,24) (13,21) (24,16) (21,5) (6,30) (16,31) (13,30) (32,1) (11,21) (2,26) (25,19) (15,20) (14,32) (8,25) 

2 2 2 2 2 2 2 2 2 2 2 2 2 2 2 0 1 0 0 0 0 0 0 0 0 1 1 0 0 0 0 0 
 2 2 2 2 2 2 2 2 2 2 2 2 2 2 0 0 1 0 0 0 0 0 0 0 0 0 0 0 0 0 0 0 
  2 2 2 2 2 2 2 2 2 2 2 2 2 0 0 0 0 0 0 0 0 0 1 0 1 1 0 0 0 1 0 0 
   2 2 2 2 2 2 2 2 2 2 2 2 0 0 0 0 0 0 0 1 0 0 0 0 0 0 0 0 0 0 0 0 
    2 2 2 2 2 2 2 2 2 2 2 0 0 0 0 0 0 0 0 0 0 0 0 0 0 0 0 0 0 1 0 0 
     2 2 2 2 2 2 2 2 2 2 0 0 0 0 0 0 0 0 1 0 0 0 0 0 0 0 0 0 0 0 0 0 
      2 2 2 2 2 2 2 2 2 0 0 0 0 1 0 1 0 0 0 0 1 1 0 0 0 0 0 0 0 0 0 0 
       2 2 2 2 2 2 2 2 0 0 0 0 0 0 0 0 0 0 0 0 0 0 0 0 0 0 0 0 0 0 1 0 
        2 2 2 2 2 2 2 0 0 0 0 0 0 1 0 0 0 0 0 0 0 0 0 0 0 0 0 0 0 0 0 0 
         2 2 2 2 2 2 0 0 0 0 0 0 0 0 0 1 0 0 1 0 0 0 0 1 0 0 1 0 1 0 0 0 
          2 2 2 2 2 0 0 0 0 0 0 0 0 0 0 0 0 0 1 0 0 0 0 0 0 0 0 0 0 0 0 0 
           2 2 2 2 1 0 0 0 0 0 0 0 0 0 0 0 0 0 0 0 0 0 0 0 0 0 0 0 1 0 0 0 
            2 2 2 0 0 0 0 1 0 0 0 0 0 0 0 0 0 0 0 0 0 0 0 0 0 0 0 0 0 0 0 0 
             2 2 0 0 0 0 0 0 0 0 0 0 0 0 0 0 0 0 0 0 0 0 0 0 0 0 1 0 0 1 0 1 
              2 0 0 0 0 0 0 0 0 0 1 0 0 0 0 0 0 0 0 0 0 0 0 0 0 0 0 0 0 0 0 0 
               0 0 0 0 0 0 1 0 1 0 0 0 0 0 0 0 0 0 0 0 0 0 0 0 0 0 0 0 1 0 0 0 
                0 0 1 0 0 0 0 0 0 0 0 0 0 0 0 0 0 0 0 0 0 0 0 0 0 0 0 0 0 0 0 2 
                 0 0 0 0 0 0 0 0 0 0 0 1 0 0 0 0 0 0 0 0 0 0 0 0 0 0 0 0 0 1 2 2 
                  0 1 0 0 0 0 1 0 0 0 0 0 0 0 0 0 0 0 0 0 0 0 0 0 1 0 0 1 0 2 2 2 
                   1 0 0 0 0 0 0 0 0 0 0 0 0 0 0 0 0 0 0 0 0 0 0 0 0 0 0 0 2 2 2 2 
                    1 0 0 0 0 0 0 0 0 0 0 0 0 0 0 0 0 1 0 0 0 0 0 0 0 0 0 2 2 2 2 2 
                     0 0 0 0 0 0 1 0 0 0 0 0 0 0 0 0 0 0 0 0 0 0 0 0 0 0 2 2 2 2 2 2 
                      0 0 0 0 0 0 0 1 0 0 0 0 0 0 0 0 0 1 0 0 0 0 0 0 0 2 2 2 2 2 2 2 
                       0 0 0 0 0 0 0 0 0 0 0 0 0 1 0 0 0 1 0 0 0 0 0 0 2 2 2 2 2 2 2 2 
                        0 0 0 0 0 0 0 0 0 0 0 0 0 0 0 0 0 1 0 0 0 0 0 2 2 2 2 2 2 2 2 2 
                         0 1 0 0 0 0 0 0 0 0 0 0 0 0 0 0 0 0 0 0 0 0 2 2 2 2 2 2 2 2 2 2 
                          0 0 0 1 0 0 0 0 1 0 0 0 1 0 0 1 0 0 1 0 0 2 2 2 2 2 2 2 2 2 2 2 
                           0 0 1 0 0 0 0 0 0 0 0 0 0 0 0 0 0 0 0 0 2 2 2 2 2 2 2 2 2 2 2 2 
                            0 1 0 0 0 0 0 0 0 0 0 0 0 1 0 0 0 0 0 2 2 2 2 2 2 2 2 2 2 2 2 2 
                             0 1 0 0 0 0 0 0 0 0 0 0 0 0 1 0 0 0 2 2 2 2 2 2 2 2 2 2 2 2 2 2 
                              0 0 0 0 0 0 0 0 0 1 0 0 0 0 0 0 0 2 2 2 2 2 2 2 2 2 2 2 2 2 2 2 
                               0 1 0 0 0 1 0 0 0 0 0 0 0 1 0 0 2 2 2 2 2 2 2 2 2 2 2 2 2 2 2 2 
(19,25) (23,18) (16,7) (3,25) (29,14) (32,6) (24,14) (1,27) (19,7) (22,7) (23,8) (14,27) (7,21) (27,19) (10,24) (2,17) (14,30) (12,5) (7,16) (10,29) (19,28) (24,18) (26,2) (30,2) (9,14) (5,30) (32,14) (7,14) (18,12) (21,18) (12,29) (14,32) (10,19) (1,17) (6,19) (30,15) (7,22) (27,16) (17,3) (31,10) (8,31) (32,2) (3,30) (20,1) (16,29) (13,8) (21,1) (27,4) (16,9) (27,13) (27,9) (10,16) (3,23) (25,18) (18,30) (15,11) (4,20) (11,19) (29,2) (1,26) (10,27) (3,26) (28,3) (19,2) 

2 2 2 2 2 2 2 2 2 2 2 2 2 2 2 0 0 0 0 0 0 0 0 0 0 1 0 0 0 0 0 0 
 2 2 2 2 2 2 2 2 2 2 2 2 2 2 0 0 0 0 0 1 1 1 0 0 1 0 0 0 0 0 0 0 
  2 2 2 2 2 2 2 2 2 2 2 2 2 0 1 0 0 0 0 0 0 0 0 0 0 0 0 0 0 0 0 0 
   2 2 2 2 2 2 2 2 2 2 2 2 0 0 0 0 0 0 0 0 0 0 0 1 0 0 0 0 0 0 0 0 
    2 2 2 2 2 2 2 2 2 2 2 1 0 0 0 0 0 0 1 0 0 0 0 1 0 0 1 0 0 0 0 0 
     2 2 2 2 2 2 2 2 2 2 0 0 0 1 0 1 0 0 0 0 0 0 0 0 0 0 0 0 0 0 0 0 
      2 2 2 2 2 2 2 2 2 0 0 0 0 0 0 0 0 0 0 1 0 0 0 1 0 0 0 0 0 0 0 0 
       2 2 2 2 2 2 2 2 0 0 0 0 0 0 0 1 0 1 0 0 0 0 1 0 0 0 0 0 0 0 1 0 
        2 2 2 2 2 2 2 0 0 0 0 0 0 0 0 0 0 0 0 0 1 0 0 0 0 0 0 0 0 0 0 0 
         2 2 2 2 2 2 0 0 0 0 0 0 0 0 0 0 0 0 0 1 0 0 0 0 0 0 0 0 0 0 0 0 
          2 2 2 2 2 0 0 0 0 0 1 0 0 0 0 0 0 0 0 0 0 0 0 0 0 0 0 0 0 0 0 0 
           2 2 2 2 0 0 0 1 0 0 0 1 0 0 0 0 0 0 0 0 0 0 0 0 0 0 0 0 0 0 0 0 
            2 2 2 0 0 0 0 1 0 0 0 0 0 0 0 0 0 0 0 0 0 0 0 0 0 0 0 1 0 1 0 0 
             2 2 0 0 0 1 0 0 0 0 1 0 0 0 0 0 0 0 0 0 0 0 0 0 0 0 0 0 0 0 1 1 
              2 0 0 1 1 0 0 0 1 0 0 1 0 0 0 0 0 0 0 0 0 0 0 0 0 1 0 0 0 0 0 0 
               0 1 0 0 0 0 0 0 0 0 1 0 1 0 0 0 0 0 0 0 0 0 0 0 0 0 0 0 0 0 0 0 
                0 0 0 0 0 0 0 0 0 0 0 0 0 0 0 0 0 0 0 0 0 0 0 0 0 1 0 0 0 0 0 2 
                 0 0 0 0 0 0 0 0 0 0 0 0 0 0 0 0 0 0 1 0 0 0 0 0 0 0 1 0 0 0 2 2 
                  0 0 0 0 0 0 0 0 0 0 0 0 0 0 0 0 0 0 0 0 0 0 0 0 0 0 0 0 1 2 2 2 
                   0 1 0 0 0 0 0 0 0 0 0 0 0 0 0 0 0 0 0 1 0 0 0 0 0 0 0 0 2 2 2 2 
                    0 0 0 0 0 0 0 0 0 0 0 0 0 0 0 0 0 0 0 0 1 0 0 0 0 0 0 2 2 2 2 2 
                     0 0 0 0 0 0 0 0 0 0 1 0 0 0 0 0 0 0 0 0 0 0 0 0 0 0 2 2 2 2 2 2 
                      0 0 0 0 0 0 0 0 1 0 0 0 1 0 0 0 0 0 0 0 0 0 0 0 0 2 2 2 2 2 2 2 
                       0 0 0 0 0 0 0 0 0 0 0 0 1 0 0 0 0 0 0 0 0 0 0 0 2 2 2 2 2 2 2 2 
                        0 0 0 0 0 0 0 0 1 0 0 0 0 0 0 0 0 0 0 1 0 1 0 2 2 2 2 2 2 2 2 2 
                         0 0 0 0 0 0 0 0 1 0 0 0 0 0 0 0 1 0 0 0 0 0 2 2 2 2 2 2 2 2 2 2 
                          0 0 0 0 0 0 0 0 0 1 0 0 0 0 0 0 0 0 0 0 0 2 2 2 2 2 2 2 2 2 2 2 
                           0 0 1 0 0 0 0 0 0 0 0 0 0 0 0 0 0 0 0 0 2 2 2 2 2 2 2 2 2 2 2 2 
                            0 0 0 0 0 0 0 0 1 0 0 0 0 0 0 0 0 0 0 2 2 2 2 2 2 2 2 2 2 2 2 2 
                             0 0 0 0 0 0 1 0 0 0 0 0 0 0 0 0 0 0 2 2 2 2 2 2 2 2 2 2 2 2 2 2 
                              0 0 0 0 0 0 0 0 1 0 0 0 0 0 0 0 0 2 2 2 2 2 2 2 2 2 2 2 2 2 2 2 
                               1 0 1 0 0 0 0 0 0 0 0 1 1 0 0 0 2 2 2 2 2 2 2 2 2 2 2 2 2 2 2 2 
(2,25) (20,2) (15,26) (7,24) (8,31) (20,20) (2,22) (14,11) (12,12) (10,20) (19,29) (24,13) (8,23) (5,27) (15,4) (18,27) (26,9) (23,9) (31,9) (26,17) (16,2) (5,24) (15,9) (23,13) (4,24) (8,16) (9,21) (28,3) (5,12) (1,26) (32,1) (7,20) (12,8) (16,11) (25,20) (15,12) (14,6) (32,12) (32,3) (6,14) (16,13) (13,30) (30,7) (11,11) (29,9) (14,31) (27,10) (25,9) (32,13) (2,20) (3,15) (2,21) (6,16) (13,28) (15,5) (18,19) (21,21) (5,19) (14,32) (8,18) (17,26) (13,8) (25,22) (22,11) 

